195.27	-750.000
195.55	46.774
195.82	-1900.000
196.09	100.000
196.36	72.727
196.63	59.091
196.90	13.953
197.17	3000.000
197.44	-62.500
197.71	5.085
197.98	-1.408
198.25	44.444
198.52	283.333
198.79	164.286
199.06	420.000
199.33	41.667
199.60	109.091
199.87	56.618
200.14	67.138
200.42	82.486
200.69	90.691
200.96	87.019
201.23	86.520
201.50	98.851
201.77	102.466
202.04	99.467
202.31	97.090
202.58	95.694
202.85	89.518
203.12	82.636
203.39	88.261
203.66	91.685
203.93	89.662
204.20	89.841
204.47	95.957
204.74	90.979
205.01	89.237
205.28	94.664
205.55	91.116
205.82	93.671
206.09	89.613
206.36	89.649
206.63	89.279
206.90	90.710
207.17	99.401
207.45	92.939
207.72	95.485
207.99	108.850
208.26	102.246
208.53	98.699
208.80	96.048
209.07	102.000
209.34	98.067
209.61	89.524
209.88	98.103
210.15	92.007
210.42	95.955
210.69	94.778
210.96	94.083
211.23	91.940
211.50	93.833
211.77	100.759
212.04	96.429
212.31	91.654
212.58	89.373
212.85	92.070
213.12	94.220
213.39	94.467
213.66	94.260
213.93	97.040
214.20	99.316
214.47	102.521
214.74	98.935
215.01	96.937
215.28	96.631
215.55	91.024
215.82	95.006
216.09	99.759
216.36	93.932
216.63	94.187
216.90	98.454
217.17	96.420
217.44	96.919
217.71	97.986
217.98	91.889
218.25	93.685
218.52	97.017
218.79	98.419
219.06	98.238
219.33	98.865
219.60	100.527
219.87	103.532
220.14	100.104
220.41	95.238
220.68	91.404
220.95	95.738
221.22	103.323
221.49	98.084
221.76	93.876
222.03	92.301
222.30	99.908
222.57	98.742
222.84	95.933
223.11	90.564
223.38	89.943
223.65	97.408
223.92	96.060
224.19	94.855
224.46	95.737
224.73	95.231
225.00	93.927
225.27	99.682
225.54	100.771
225.81	99.108
226.08	95.058
226.35	94.047
226.62	97.694
226.89	97.363
227.16	96.719
227.43	100.623
227.70	97.403
227.97	98.397
228.24	97.673
228.51	97.047
228.78	94.148
229.05	95.078
229.32	96.583
229.58	97.903
229.85	96.431
230.12	97.327
230.39	100.314
230.66	99.271
230.93	99.461
231.20	96.645
231.47	96.208
231.74	99.529
232.01	98.647
232.28	97.175
232.55	96.237
232.82	95.067
233.09	96.493
233.36	98.486
233.63	96.778
233.90	98.234
234.17	98.296
234.44	99.293
234.71	99.899
234.98	101.562
235.25	98.470
235.52	98.148
235.79	98.870
236.06	98.261
236.32	98.227
236.59	96.004
236.86	96.751
237.13	98.188
237.40	100.145
237.67	97.873
237.94	98.960
238.21	99.953
238.48	101.951
238.75	99.448
239.02	95.785
239.29	96.406
239.56	98.670
239.83	98.770
240.10	97.818
240.37	98.381
240.64	99.736
240.91	98.148
241.17	96.726
241.44	97.495
241.71	96.211
241.98	97.292
242.25	97.695
242.52	95.878
242.79	96.881
243.06	96.283
243.33	95.211
243.60	97.058
243.87	98.941
244.14	97.642
244.41	96.630
244.68	97.234
244.95	96.749
245.21	96.742
245.48	96.292
245.75	98.443
246.02	100.117
246.29	96.135
246.56	100.316
246.83	100.078
247.10	96.493
247.37	98.818
247.64	98.207
247.91	100.192
248.18	97.842
248.45	97.820
248.71	97.209
248.98	97.442
249.25	99.515
249.52	98.176
249.79	96.006
250.06	99.331
250.33	97.134
250.60	99.074
250.87	97.233
251.14	97.861
251.41	97.572
251.68	96.695
251.94	97.738
252.21	97.339
252.48	98.113
252.75	97.912
253.02	97.784
253.29	98.367
253.56	97.951
253.83	97.806
254.10	97.295
254.37	99.511
254.63	98.371
254.90	98.076
255.17	98.082
255.44	98.265
255.71	97.895
255.98	97.554
256.25	97.615
256.52	98.393
256.79	96.664
257.06	97.197
257.32	100.172
257.59	100.139
257.86	97.432
258.13	97.514
258.40	95.888
258.67	98.035
258.94	98.398
259.21	98.000
259.48	97.321
259.74	97.967
260.01	99.276
260.28	97.899
260.55	96.096
260.82	97.150
261.09	97.365
261.36	99.376
261.63	97.220
261.89	97.032
262.16	99.197
262.43	96.720
262.70	97.575
262.97	99.206
263.24	98.557
263.51	98.204
263.78	96.611
264.05	98.003
264.31	96.800
264.58	96.796
264.85	96.714
265.12	97.537
265.39	95.664
265.66	95.371
265.93	97.144
266.19	96.866
266.46	96.753
266.73	97.800
267.00	96.519
267.27	97.042
267.54	98.124
267.81	99.141
268.08	97.694
268.34	94.296
268.61	97.207
268.88	97.589
269.15	100.588
269.42	101.024
269.69	98.373
269.96	97.084
270.22	98.171
270.49	97.464
270.76	98.105
271.03	98.226
271.30	99.775
271.57	98.875
271.84	96.344
272.10	97.028
272.37	97.062
272.64	97.332
272.91	96.525
273.18	97.699
273.45	97.692
273.72	96.530
273.98	97.757
274.25	96.886
274.52	97.767
274.79	97.849
275.06	97.610
275.33	96.425
275.59	97.355
275.86	98.257
276.13	97.677
276.40	96.749
276.67	98.232
276.94	99.935
277.20	97.352
277.47	96.811
277.74	97.811
278.01	98.845
278.28	97.594
278.55	98.247
278.81	98.341
279.08	98.499
279.35	98.088
279.62	97.729
279.89	96.491
280.16	95.801
280.42	96.487
280.69	95.796
280.96	96.866
281.23	98.643
281.50	98.538
281.77	96.930
282.03	99.092
282.30	99.124
282.57	98.747
282.84	97.142
283.11	97.522
283.38	96.527
283.64	97.495
283.91	97.515
284.18	98.917
284.45	99.808
284.72	99.127
284.98	98.337
285.25	98.232
285.52	96.570
285.79	95.798
286.06	96.686
286.33	95.926
286.59	96.453
286.86	96.015
287.13	98.152
287.40	97.582
287.67	97.997
287.93	97.641
288.20	97.077
288.47	95.819
288.74	97.119
289.01	95.174
289.27	96.208
289.54	99.058
289.81	98.882
290.08	98.033
290.35	99.042
290.61	98.509
290.88	96.891
291.15	95.805
291.42	97.007
291.69	96.957
291.95	97.770
292.22	99.468
292.49	97.294
292.76	96.294
293.03	97.219
293.29	99.221
293.56	98.409
293.83	95.063
294.10	94.982
294.37	98.361
294.63	97.713
294.90	98.472
295.17	98.092
295.44	97.438
295.70	99.284
295.97	99.031
296.24	97.436
296.51	96.842
296.78	97.634
297.04	99.840
297.31	98.912
297.58	96.836
297.85	96.971
298.11	95.842
298.38	98.048
298.65	98.515
298.92	97.352
299.19	99.513
299.45	100.755
299.72	98.805
299.99	98.120
300.26	98.693
300.52	97.461
300.79	98.625
301.06	97.848
301.33	94.840
301.60	99.537
301.86	100.262
302.13	98.061
302.40	95.779
302.67	98.582
302.93	99.415
303.20	99.084
303.47	98.593
303.74	97.234
304.00	97.532
304.27	98.221
304.54	97.014
304.81	97.988
305.07	99.570
305.34	97.908
305.61	98.573
305.88	100.831
306.15	96.160
306.41	95.319
306.68	98.474
306.95	97.637
307.22	98.647
307.48	98.982
307.75	98.606
308.02	97.790
308.29	97.354
308.55	97.565
308.82	97.398
309.09	97.059
309.36	96.075
309.62	97.179
309.89	97.667
310.16	96.713
310.42	97.665
310.69	96.787
310.96	98.055
311.23	95.468
311.49	95.864
311.76	99.087
312.03	100.272
312.30	100.070
312.56	99.270
312.83	98.288
313.10	97.487
313.37	99.346
313.63	100.523
313.90	98.601
314.17	96.724
314.44	96.272
314.70	96.680
314.97	96.634
315.24	100.274
315.50	100.346
315.77	97.789
316.04	99.050
316.31	97.853
316.57	99.259
316.84	97.774
317.11	96.738
317.38	96.381
317.64	97.475
317.91	95.310
318.18	97.443
318.44	99.473
318.71	98.540
318.98	98.803
319.25	97.014
319.51	98.097
319.78	99.235
320.05	98.759
320.31	98.630
320.58	98.048
320.85	99.156
321.12	100.251
321.38	97.796
321.65	97.168
321.92	100.178
322.18	101.128
322.45	97.703
322.72	97.116
322.99	95.789
323.25	96.789
323.52	97.758
323.79	97.700
324.05	98.787
324.32	97.112
324.59	97.979
324.86	98.321
325.12	97.975
325.39	96.801
325.66	98.265
325.92	98.547
326.19	99.201
326.46	98.253
326.72	98.189
326.99	97.557
327.26	97.429
327.52	97.814
327.79	98.495
328.06	97.947
328.33	99.702
328.59	99.634
328.86	98.692
329.13	97.565
329.39	99.662
329.66	98.278
329.93	98.322
330.19	98.878
330.46	99.629
330.73	98.998
330.99	98.804
331.26	99.739
331.53	97.514
331.79	98.449
332.06	98.985
332.33	96.809
332.60	98.200
332.86	98.176
333.13	96.803
333.40	97.943
333.66	97.933
333.93	100.691
334.20	101.133
334.46	99.626
334.73	99.358
335.00	96.642
335.26	96.809
335.53	97.198
335.80	97.149
336.06	98.756
336.33	99.363
336.60	99.352
336.86	96.496
337.13	97.543
337.40	98.453
337.66	97.038
337.93	97.289
338.20	98.134
338.46	97.417
338.73	96.043
339.00	95.677
339.26	96.296
339.53	98.505
339.80	99.924
340.06	99.219
340.33	100.853
340.60	99.676
340.86	98.580
341.13	98.673
341.40	98.681
341.66	99.303
341.93	99.635
342.19	97.457
342.46	97.820
342.73	98.834
342.99	97.448
343.26	100.770
343.53	100.602
343.79	96.690
344.06	97.952
344.33	98.582
344.59	95.772
344.86	96.301
345.13	97.569
345.39	98.505
345.66	96.143
345.93	98.660
346.19	99.342
346.46	98.743
346.72	100.044
346.99	100.174
347.26	96.360
347.52	95.812
347.79	97.587
348.06	100.551
348.32	99.635
348.59	99.177
348.86	99.004
349.12	97.855
349.39	97.497
349.65	99.090
349.92	99.962
350.19	100.826
350.45	97.971
350.72	98.094
350.99	97.985
351.25	98.113
351.52	98.465
351.78	99.055
352.05	98.733
352.32	97.425
352.58	97.175
352.85	96.922
353.12	98.764
353.38	96.047
353.65	97.376
353.91	98.528
354.18	97.832
354.45	96.115
354.71	97.312
354.98	97.959
355.24	98.495
355.51	96.994
355.78	98.151
356.04	98.582
356.31	98.258
356.58	98.638
356.84	99.058
357.11	96.679
357.37	95.297
357.64	96.425
357.91	97.663
358.17	94.421
358.44	98.167
358.70	101.002
358.97	98.180
359.24	97.018
359.50	95.973
359.77	95.403
360.03	96.093
360.30	96.003
360.57	98.961
360.83	98.207
361.10	97.418
361.36	98.053
361.63	98.125
361.90	98.303
362.16	96.677
362.43	97.881
362.69	101.868
362.96	100.071
363.23	96.199
363.49	95.969
363.76	97.150
364.02	98.496
364.29	97.726
364.55	96.927
364.82	96.605
365.09	96.486
365.35	97.139
365.62	95.435
365.88	97.125
366.15	95.374
366.42	97.629
366.68	97.114
366.95	96.314
367.21	96.434
367.48	97.267
367.74	97.772
368.01	96.677
368.28	97.785
368.54	98.486
368.81	96.815
369.07	97.101
369.34	98.331
369.60	97.320
369.87	99.045
370.14	99.646
370.40	97.468
370.67	99.049
370.93	97.950
371.20	97.144
371.46	96.841
371.73	99.076
372.00	97.793
372.26	97.099
372.53	98.004
372.79	98.678
373.06	99.927
373.32	99.710
373.59	98.318
373.85	96.436
374.12	96.844
374.39	97.996
374.65	98.163
374.92	97.784
375.18	99.037
375.45	97.887
375.71	96.527
375.98	97.079
376.24	99.388
376.51	96.847
376.78	97.900
377.04	100.000
377.31	99.311
377.57	99.364
377.84	99.610
378.10	98.292
378.37	98.818
378.63	96.187
378.90	96.159
379.16	96.955
379.43	96.812
379.70	98.978
379.96	97.933
380.23	96.162
380.49	97.049
380.76	99.574
381.02	99.281
381.29	98.292
381.55	98.875
381.82	97.260
382.08	95.987
382.35	97.775
382.61	100.369
382.88	98.926
383.15	97.659
383.41	99.286
383.68	102.218
383.94	101.718
384.21	100.784
384.47	99.813
384.74	100.379
385.00	98.694
385.27	98.671
385.53	99.468
385.80	99.428
386.06	98.044
386.33	98.368
386.59	98.521
386.86	98.656
387.12	98.409
387.39	98.298
387.65	97.917
387.92	97.598
388.18	97.288
388.45	99.125
388.71	97.749
388.98	98.640
389.24	98.575
389.51	98.050
389.78	97.647
390.04	97.697
390.31	98.221
390.57	98.699
390.84	98.969
391.10	99.772
391.37	100.305
391.63	99.573
391.90	99.810
392.16	99.182
392.43	95.900
392.69	96.397
392.96	98.604
393.22	98.529
393.49	97.901
393.75	98.805
394.02	98.932
394.28	98.904
394.55	98.048
394.81	98.490
395.08	98.886
395.34	99.881
395.61	97.048
395.87	97.504
396.14	95.055
396.40	97.459
396.67	98.145
396.93	100.749
397.19	98.885
397.46	100.502
397.72	98.785
397.99	98.877
398.25	99.393
398.52	96.685
398.78	96.625
399.05	99.220
399.31	100.802
399.58	100.352
399.84	100.896
400.11	99.884
400.37	98.387
400.64	99.003
400.90	98.949
401.17	98.110
401.43	95.869
401.70	95.326
401.96	97.030
402.23	96.747
402.49	98.957
402.76	98.748
403.02	99.879
403.29	100.967
403.55	99.322
403.81	98.229
404.08	99.052
404.34	96.904
404.61	96.078
404.87	96.668
405.14	98.556
405.40	100.355
405.67	100.000
405.93	100.314
406.20	98.624
406.46	97.948
406.73	99.344
406.99	100.795
407.25	98.401
407.52	96.591
407.78	97.886
408.05	98.357
408.31	99.680
408.58	100.431
408.84	100.197
409.11	96.260
409.37	97.727
409.64	97.473
409.90	98.828
410.16	95.877
410.43	97.080
410.69	97.758
410.96	99.836
411.22	101.168
411.49	97.763
411.75	97.907
412.02	96.692
412.28	97.090
412.54	98.090
412.81	97.537
413.07	97.689
413.34	98.456
413.60	98.069
413.87	98.916
414.13	98.916
414.40	99.720
414.66	99.752
414.92	96.892
415.19	98.487
415.45	101.374
415.72	98.590
415.98	97.390
416.25	97.088
416.51	100.292
416.77	99.959
417.04	99.460
417.30	98.824
417.57	98.057
417.83	95.921
418.10	98.131
418.36	98.790
418.62	98.938
418.89	98.498
419.15	98.683
419.42	100.382
419.68	99.218
419.95	97.245
420.21	97.501
420.47	100.689
420.74	98.393
421.00	97.480
421.27	97.240
421.53	99.924
421.79	98.838
422.06	97.247
422.32	100.469
422.59	100.118
422.85	98.554
423.11	98.730
423.38	96.657
423.64	97.782
423.91	98.432
424.17	100.734
424.44	97.789
424.70	96.448
424.96	96.623
425.23	96.657
425.49	99.306
425.76	96.510
426.02	95.883
426.28	99.957
426.55	99.703
426.81	99.746
427.08	99.747
427.34	100.687
427.60	99.587
427.87	97.885
428.13	98.273
428.40	99.519
428.66	99.251
428.92	97.686
429.19	99.378
429.45	98.133
429.71	97.527
429.98	97.185
430.24	99.239
430.51	97.237
430.77	99.033
431.03	97.149
431.30	97.882
431.56	97.222
431.83	98.677
432.09	98.362
432.35	98.498
432.62	97.394
432.88	96.189
433.14	95.232
433.41	97.162
433.67	98.509
433.94	98.725
434.20	101.474
434.46	101.519
434.73	98.931
434.99	96.913
435.25	97.562
435.52	98.402
435.78	100.000
436.05	98.689
436.31	98.354
436.57	99.540
436.84	97.723
437.10	96.118
437.36	97.577
437.63	99.303
437.89	98.587
438.15	96.140
438.42	100.438
438.68	100.316
438.95	98.143
439.21	99.593
439.47	99.079
439.74	99.064
440.00	100.123
440.26	98.801
440.53	98.896
440.79	98.322
441.05	98.347
441.32	98.265
441.58	99.651
441.84	100.592
442.11	99.358
442.37	97.369
442.64	97.018
442.90	96.890
443.16	97.473
443.43	98.225
443.69	99.609
443.95	97.946
444.22	98.889
444.48	97.167
444.74	97.593
445.01	97.107
445.27	98.201
445.53	100.000
445.80	99.446
446.06	98.518
446.32	96.357
446.59	99.348
446.85	99.613
447.11	96.848
447.38	97.126
447.64	98.907
447.90	98.631
448.17	98.087
448.43	96.172
448.69	96.721
448.96	98.846
449.22	96.983
449.48	96.896
449.75	96.804
450.01	98.728
450.27	99.336
450.54	98.965
450.80	97.854
451.06	99.797
451.33	100.165
451.59	98.279
451.85	99.509
452.12	100.200
452.38	100.082
452.64	99.053
452.91	98.691
453.17	99.290
453.43	99.653
453.69	99.913
453.96	99.057
454.22	99.130
454.48	97.933
454.75	98.979
455.01	99.916
455.27	98.174
455.54	99.830
455.80	98.841
456.06	98.528
456.33	98.728
456.59	98.085
456.85	99.422
457.12	99.223
457.38	98.059
457.64	97.446
457.90	97.329
458.17	97.800
458.43	98.947
458.69	98.978
458.96	97.638
459.22	97.230
459.48	97.902
459.75	100.492
460.01	98.659
460.27	97.126
460.53	96.635
460.80	96.522
461.06	98.858
461.32	98.901
461.59	98.585
461.85	99.547
462.11	97.859
462.37	98.232
462.64	99.570
462.90	97.918
463.16	99.448
463.43	98.968
463.69	97.213
463.95	96.890
464.21	97.579
464.48	97.880
464.74	98.010
465.00	101.097
465.27	98.858
465.53	99.419
465.79	99.641
466.05	97.403
466.32	96.213
466.58	97.556
466.84	98.392
467.10	99.961
467.37	100.155
467.63	99.805
467.89	96.913
468.16	97.824
468.42	97.632
468.68	98.089
468.94	101.097
469.21	101.086
469.47	96.854
469.73	97.931
469.99	99.494
470.26	100.829
470.52	99.487
470.78	95.936
471.04	96.125
471.31	97.118
471.57	98.162
471.83	98.388
472.10	98.742
472.36	98.535
472.62	97.737
472.88	98.478
473.15	98.961
473.41	97.620
473.67	98.373
473.93	97.772
474.20	98.717
474.46	97.889
474.72	96.336
474.98	98.042
475.25	98.601
475.51	99.458
475.77	97.214
476.03	98.269
476.30	98.235
476.56	97.956
476.82	97.619
477.08	96.638
477.34	97.031
477.61	99.504
477.87	98.454
478.13	96.457
478.39	98.944
478.66	99.456
478.92	98.042
479.18	97.842
479.44	99.687
479.71	99.938
479.97	98.517
480.23	97.694
480.49	98.171
480.76	99.971
481.02	99.048
481.28	99.282
481.54	100.194
481.80	98.867
482.07	99.244
482.33	98.006
482.59	99.408
482.85	99.800
483.12	98.687
483.38	99.043
483.64	98.197
483.90	98.829
484.16	97.518
484.43	97.981
484.69	97.196
484.95	97.128
485.21	96.803
485.48	98.282
485.74	98.585
486.00	96.747
486.26	96.680
486.52	99.099
486.79	98.778
487.05	98.475
487.31	98.610
487.57	98.759
487.83	97.785
488.10	97.426
488.36	97.269
488.62	99.024
488.88	99.275
489.14	99.844
489.41	99.506
489.67	97.324
489.93	97.545
490.19	96.874
490.45	98.609
490.72	98.538
490.98	96.466
491.24	96.958
491.50	97.959
491.76	96.867
492.03	98.498
492.29	97.458
492.55	97.733
492.81	99.246
493.07	101.087
493.34	99.611
493.60	98.817
493.86	98.350
494.12	97.446
494.38	97.377
494.65	99.020
494.91	97.530
495.17	99.189
495.43	97.372
495.69	96.138
495.95	96.728
496.22	97.157
496.48	97.916
496.74	97.999
497.00	98.881
497.26	98.568
497.53	97.872
497.79	98.044
498.05	99.456
498.31	97.838
498.57	98.650
498.83	98.317
499.10	97.382
499.36	97.518
499.62	97.422
499.88	98.300
500.14	98.553
500.40	98.698
500.67	98.343
500.93	99.521
501.19	98.815
501.45	99.107
501.71	99.067
501.97	98.738
502.24	99.291
502.50	99.137
502.76	98.337
503.02	97.987
503.28	98.923
503.54	98.955
503.81	100.168
504.07	100.073
504.33	99.215
504.59	97.487
504.85	98.058
505.11	98.452
505.37	97.217
505.64	97.533
505.90	97.635
506.16	97.261
506.42	98.403
506.68	98.599
506.94	97.700
507.20	97.739
507.47	100.180
507.73	99.258
507.99	98.779
508.25	98.348
508.51	98.549
508.77	98.240
509.03	99.485
509.30	98.520
509.56	98.274
509.82	97.677
510.08	98.084
510.34	97.926
510.60	97.943
510.86	97.780
511.13	97.904
511.39	97.800
511.65	98.053
511.91	97.405
512.17	98.169
512.43	98.897
512.69	98.123
512.95	97.826
513.22	98.938
513.48	99.605
513.74	98.810
514.00	97.597
514.26	97.889
514.52	98.750
514.78	99.469
515.04	98.616
515.31	97.258
515.57	97.694
515.83	98.032
516.09	99.426
516.35	98.661
516.61	98.239
516.87	97.863
517.13	97.670
517.40	97.305
517.66	96.617
517.92	98.484
518.18	98.282
518.44	99.430
518.70	97.927
518.96	96.910
519.22	98.029
519.48	97.362
519.75	97.163
520.01	97.755
520.27	96.350
520.53	96.565
520.79	97.891
521.05	96.070
521.31	99.371
521.57	99.914
521.83	98.708
522.09	99.773
522.36	100.487
522.62	99.597
522.88	99.828
523.14	98.787
523.40	99.084
523.66	98.467
523.92	98.274
524.18	99.025
524.44	99.516
524.70	100.635
524.96	99.478
525.23	98.029
525.49	96.597
525.75	99.618
526.01	99.394
526.27	98.794
526.53	97.883
526.79	97.625
527.05	97.888
527.31	98.204
527.57	96.880
527.83	96.288
528.09	96.438
528.36	98.798
528.62	97.825
528.88	98.573
529.14	98.938
529.40	99.572
529.66	98.554
529.92	100.579
530.18	98.992
530.44	98.707
530.70	98.339
530.96	98.688
531.22	97.471
531.48	97.564
531.74	98.767
532.00	98.217
532.27	97.435
532.53	97.681
532.79	98.207
533.05	98.241
533.31	101.375
533.57	99.862
533.83	97.867
534.09	98.762
534.35	98.964
534.61	98.089
534.87	97.880
535.13	98.433
535.39	98.261
535.65	98.042
535.91	98.772
536.17	97.212
536.43	98.391
536.70	99.224
536.96	96.890
537.22	99.387
537.48	98.149
537.74	98.922
538.00	100.054
538.26	98.743
538.52	98.826
538.78	97.245
539.04	97.802
539.30	97.340
539.56	99.288
539.82	99.841
540.08	98.607
540.34	97.499
540.60	98.115
540.86	99.050
541.12	100.732
541.38	100.597
541.64	100.298
541.90	99.431
542.16	100.576
542.42	98.842
542.68	97.943
542.94	98.856
543.21	99.345
543.47	98.487
543.73	98.804
543.99	98.909
544.25	98.763
544.51	99.263
544.77	98.446
545.03	98.470
545.29	97.417
545.55	96.374
545.81	98.177
546.07	99.497
546.33	99.077
546.59	100.157
546.85	100.797
547.11	100.076
547.37	98.908
547.63	97.974
547.89	98.652
548.15	99.157
548.41	100.443
548.67	99.924
548.93	101.481
549.19	101.253
549.45	100.081
549.71	97.447
549.97	97.678
550.23	97.931
550.49	98.982
550.75	97.786
551.01	97.862
551.27	99.328
551.53	97.782
551.79	98.765
552.05	98.097
552.31	99.048
552.57	98.792
552.83	98.750
553.09	98.912
553.35	97.808
553.61	99.508
553.87	98.781
554.13	100.202
554.39	100.152
554.65	98.620
554.91	96.844
555.17	98.238
555.43	98.665
555.69	96.606
555.95	97.173
556.21	98.065
556.47	98.502
556.73	99.589
556.99	99.439
557.25	98.852
557.51	97.607
557.77	97.166
558.03	97.621
558.29	97.771
558.55	96.799
558.81	99.205
559.07	98.680
559.33	97.747
559.59	97.604
559.85	98.017
560.11	99.829
560.37	100.636
560.62	99.620
560.88	98.271
561.14	97.603
561.40	98.616
561.66	99.207
561.92	96.988
562.18	97.686
562.44	98.914
562.70	100.224
562.96	100.419
563.22	99.859
563.48	100.141
563.74	99.554
564.00	98.719
564.26	97.681
564.52	98.711
564.78	98.960
565.04	97.773
565.30	97.833
565.56	98.875
565.82	98.229
566.08	97.543
566.34	98.256
566.60	99.540
566.86	98.829
567.11	97.932
567.37	98.463
567.63	98.049
567.89	98.659
568.15	98.616
568.41	98.522
568.67	97.346
568.93	97.676
569.19	97.736
569.45	99.472
569.71	98.812
569.97	97.947
570.23	98.473
570.49	98.979
570.75	99.275
571.01	97.503
571.27	97.346
571.52	97.931
571.78	98.434
572.04	97.902
572.30	98.310
572.56	99.174
572.82	98.819
573.08	98.068
573.34	98.180
573.60	97.879
573.86	98.185
574.12	97.133
574.38	96.936
574.64	97.510
574.90	98.363
575.15	98.494
575.41	99.410
575.67	98.219
575.93	99.307
576.19	99.084
576.45	98.063
576.71	98.295
576.97	97.994
577.23	98.085
577.49	99.113
577.75	99.744
578.01	98.733
578.26	99.050
578.52	98.559
578.78	99.105
579.04	99.510
579.30	98.667
579.56	98.845
579.82	98.261
580.08	98.466
580.34	98.420
580.60	98.331
580.86	98.521
581.11	98.555
581.37	98.405
581.63	98.256
581.89	99.471
582.15	100.327
582.41	99.565
582.67	97.901
582.93	98.462
583.19	97.882
583.45	99.469
583.70	99.433
583.96	99.126
584.22	98.486
584.48	99.281
584.74	99.159
585.00	99.251
585.26	98.839
585.52	98.505
585.78	98.066
586.03	97.932
586.29	99.106
586.55	98.577
586.81	98.107
587.07	98.198
587.33	98.906
587.59	98.833
587.85	99.367
588.11	98.847
588.36	98.646
588.62	98.342
588.88	99.593
589.14	99.005
589.40	98.130
589.66	97.789
589.92	98.456
590.18	98.690
590.43	98.699
590.69	98.934
590.95	97.880
591.21	98.849
591.47	99.377
591.73	99.542
591.99	98.691
592.24	97.737
592.50	98.430
592.76	98.677
593.02	98.092
593.28	98.703
593.54	99.062
593.80	98.760
594.06	99.217
594.31	99.666
594.57	99.626
594.83	99.542
595.09	100.589
595.35	99.320
595.61	98.590
595.87	98.538
596.12	98.712
596.38	98.453
596.64	97.735
596.90	99.243
597.16	99.812
597.42	99.489
597.67	98.633
597.93	97.840
598.19	98.706
598.45	98.984
598.71	97.769
598.97	98.189
599.23	98.440
599.48	98.759
599.74	99.621
600.00	99.735
600.26	98.922
600.52	98.607
600.78	97.825
601.03	98.000
601.29	97.895
601.55	99.556
601.81	99.801
602.07	99.049
602.33	99.871
602.58	98.773
602.84	98.245
603.10	98.633
603.36	97.823
603.62	99.201
603.88	99.589
604.13	99.438
604.39	98.432
604.65	97.730
604.91	98.820
605.17	98.692
605.42	99.492
605.68	99.573
605.94	97.865
606.20	97.526
606.46	98.358
606.72	99.185
606.97	98.493
607.23	98.169
607.49	99.214
607.75	98.859
608.01	98.393
608.26	97.834
608.52	99.151
608.78	99.076
609.04	99.147
609.30	98.906
609.55	100.037
609.81	100.126
610.07	99.223
610.33	98.726
610.59	98.112
610.84	99.356
611.10	99.117
611.36	100.144
611.62	99.824
611.88	98.282
612.13	99.146
612.39	99.496
612.65	99.423
612.91	99.151
613.17	97.555
613.42	99.027
613.68	99.067
613.94	98.608
614.20	98.857
614.46	99.435
614.71	98.133
614.97	98.009
615.23	99.431
615.49	99.122
615.75	98.524
616.00	99.965
616.26	99.623
616.52	98.647
616.78	99.005
617.03	99.681
617.29	100.434
617.55	99.514
617.81	99.204
618.07	99.672
618.32	99.886
618.58	98.655
618.84	99.361
619.10	99.480
619.35	98.791
619.61	99.269
619.87	98.915
620.13	99.195
620.39	99.573
620.64	99.332
620.90	99.395
621.16	98.554
621.42	98.188
621.67	97.577
621.93	97.490
622.19	98.447
622.45	99.835
622.70	98.613
622.96	98.881
623.22	101.084
623.48	99.368
623.73	98.432
623.99	98.831
624.25	99.540
624.51	99.460
624.77	99.620
625.02	98.325
625.28	98.117
625.54	99.365
625.80	99.436
626.05	99.275
626.31	99.283
626.57	98.345
626.83	98.808
627.08	98.896
627.34	98.969
627.60	100.140
627.85	99.916
628.11	99.069
628.37	98.431
628.63	98.660
628.88	98.596
629.14	98.630
629.40	98.752
629.66	98.736
629.91	98.576
630.17	98.002
630.43	98.389
630.69	98.385
630.94	100.270
631.20	99.702
631.46	98.591
631.72	98.753
631.97	100.286
632.23	100.429
632.49	100.605
632.74	98.933
633.00	98.918
633.26	99.976
633.52	99.249
633.77	98.059
634.03	97.098
634.29	97.371
634.55	98.443
634.80	97.485
635.06	97.520
635.32	98.843
635.57	99.232
635.83	99.277
636.09	99.399
636.35	98.161
636.60	98.914
636.86	99.423
637.12	98.542
637.37	99.090
637.63	99.452
637.89	98.701
638.15	99.035
638.40	97.740
638.66	98.630
638.92	99.080
639.17	100.489
639.43	98.448
639.69	97.593
639.94	96.994
640.20	97.308
640.46	99.436
640.72	98.745
640.97	99.190
641.23	98.693
641.49	97.137
641.74	98.016
642.00	98.343
642.26	100.147
642.51	99.416
642.77	98.892
643.03	97.628
643.28	97.924
643.54	99.667
643.80	99.132
644.06	99.200
644.31	98.454
644.57	97.923
644.83	99.831
645.08	99.685
645.34	99.635
645.60	100.270
645.85	100.472
646.11	98.874
646.37	99.338
646.62	100.199
646.88	98.891
647.14	99.318
647.39	98.791
647.65	98.357
647.91	98.152
648.16	99.933
648.42	100.188
648.68	99.449
648.93	99.297
649.19	97.685
649.45	98.729
649.70	99.789
649.96	98.482
650.22	98.893
650.47	98.899
650.73	98.160
650.99	97.995
651.24	97.961
651.50	98.700
651.76	99.910
652.01	100.181
652.27	101.107
652.53	100.180
652.78	100.630
653.04	100.130
653.30	97.549
653.55	97.132
653.81	97.927
654.07	97.465
654.32	96.952
654.58	97.368
654.84	97.797
655.09	97.723
655.35	98.679
655.61	98.484
655.86	98.406
656.12	98.275
656.38	98.838
656.63	98.665
656.89	97.948
657.14	99.017
657.40	98.882
657.66	98.733
657.91	96.796
658.17	98.253
658.43	97.323
658.68	99.314
658.94	98.853
659.20	99.314
659.45	99.041
659.71	99.706
659.96	98.715
660.22	96.976
660.48	99.040
660.73	98.728
660.99	100.887
661.25	100.534
661.50	100.648
661.76	100.161
662.01	97.823
662.27	97.728
662.53	97.594
662.78	98.176
663.04	98.522
663.30	99.370
663.55	98.075
663.81	97.094
664.06	98.062
664.32	98.153
664.58	98.143
664.83	98.723
665.09	98.329
665.35	98.253
665.60	97.895
665.86	98.059
666.11	97.950
666.37	97.824
666.63	99.071
666.88	99.097
667.14	100.373
667.39	99.608
667.65	97.377
667.91	98.477
668.16	100.272
668.42	99.841
668.67	99.182
668.93	99.173
669.19	98.599
669.44	98.079
669.70	98.788
669.95	100.022
670.21	100.327
670.47	100.460
670.72	98.689
670.98	100.214
671.23	100.191
671.49	98.666
671.75	98.894
672.00	100.018
672.26	98.454
672.51	98.310
672.77	98.339
673.03	100.271
673.28	98.845
673.54	99.585
673.79	100.860
674.05	100.745
674.30	98.677
674.56	99.289
674.82	99.609
675.07	99.978
675.33	99.497
675.58	98.638
675.84	99.703
676.09	100.698
676.35	98.435
676.61	97.615
676.86	98.145
677.12	98.876
677.37	98.659
677.63	98.575
677.88	98.878
678.14	99.885
678.40	100.443
678.65	99.896
678.91	98.631
679.16	98.902
679.42	99.486
679.67	99.674
679.93	99.828
680.19	99.217
680.44	99.616
680.70	99.088
680.95	99.281
681.21	101.112
681.46	99.242
681.72	97.687
681.97	98.250
682.23	99.198
682.49	100.227
682.74	99.746
683.00	99.305
683.25	100.111
683.51	99.158
683.76	99.043
684.02	99.803
684.27	98.437
684.53	99.658
684.78	99.501
685.04	98.848
685.30	98.901
685.55	98.165
685.81	98.771
686.06	99.083
686.32	99.097
686.57	99.045
686.83	96.707
687.08	97.196
687.34	97.833
687.59	98.737
687.85	97.926
688.10	99.356
688.36	98.811
688.62	99.319
688.87	98.473
689.13	97.643
689.38	97.805
689.64	98.463
689.89	97.713
690.15	98.672
690.40	99.001
690.66	98.928
690.91	99.212
691.17	98.536
691.42	99.117
691.68	99.427
691.93	99.925
692.19	99.096
692.44	99.383
692.70	98.658
692.95	98.441
693.21	99.296
693.46	99.331
693.72	98.558
693.97	99.308
694.23	98.318
694.49	98.162
694.74	98.716
695.00	97.504
695.25	97.953
695.51	100.365
695.76	99.166
696.02	98.203
696.27	98.569
696.53	98.201
696.78	99.531
697.04	98.186
697.29	98.022
697.55	98.727
697.80	99.539
698.06	100.096
698.31	99.027
698.57	99.431
698.82	99.774
699.08	98.335
699.33	98.817
699.59	98.862
699.84	98.357
700.09	98.823
700.35	99.472
700.60	99.442
700.86	100.239
701.11	99.467
701.37	99.499
701.62	99.323
701.88	98.033
702.13	99.756
702.39	100.511
702.64	99.595
702.90	99.113
703.15	99.352
703.41	98.655
703.66	97.250
703.92	98.760
704.17	98.288
704.43	97.252
704.68	97.595
704.94	99.122
705.19	99.003
705.45	99.716
705.70	100.963
705.95	100.371
706.21	100.520
706.46	100.650
706.72	100.000
706.97	97.733
707.23	96.975
707.48	97.106
707.74	99.066
707.99	99.566
708.25	99.538
708.50	98.743
708.76	97.376
709.01	99.660
709.27	100.906
709.52	100.000
709.77	99.482
710.03	98.795
710.28	100.507
710.54	99.051
710.79	97.500
711.05	98.009
711.30	99.960
711.56	99.593
711.81	97.687
712.06	98.497
712.32	100.317
712.57	101.553
712.83	99.226
713.08	97.998
713.34	99.735
713.59	99.614
713.85	99.490
714.10	99.245
714.35	98.679
714.61	99.102
714.86	98.242
715.12	97.673
715.37	98.735
715.63	98.982
715.88	97.723
716.13	97.677
716.39	98.087
716.64	99.079
716.90	96.782
717.15	98.503
717.41	98.869
717.66	98.250
717.91	98.651
718.17	100.020
718.42	100.260
718.68	98.848
718.93	98.930
719.19	99.247
719.44	98.564
719.69	98.936
719.95	99.350
720.20	98.908
720.46	97.333
720.71	97.474
720.97	98.750
721.22	98.371
721.47	98.163
721.73	98.044
721.98	98.965
722.24	99.507
722.49	98.677
722.74	98.058
723.00	99.892
723.25	98.750
723.51	99.138
723.76	98.746
724.01	97.299
724.27	97.383
724.52	98.067
724.78	99.910
725.03	99.212
725.28	99.894
725.54	98.475
725.79	96.699
726.05	98.805
726.30	99.293
726.55	98.891
726.81	98.666
727.06	98.150
727.32	98.268
727.57	98.145
727.82	97.807
728.08	98.422
728.33	98.609
728.59	98.273
728.84	99.071
729.09	99.462
729.35	100.647
729.60	99.734
729.85	98.933
730.11	98.096
730.36	99.263
730.62	98.398
730.87	97.778
731.12	98.801
731.38	99.884
731.63	99.451
731.88	98.818
732.14	98.568
732.39	98.105
732.65	98.921
732.90	99.255
733.15	98.681
733.41	97.827
733.66	97.782
733.91	98.638
734.17	97.912
734.42	97.877
734.68	98.589
734.93	99.480
735.18	100.099
735.44	99.648
735.69	98.866
735.94	98.463
736.20	99.034
736.45	98.772
736.70	99.497
736.96	97.836
737.21	97.851
737.46	98.727
737.72	99.030
737.97	100.766
738.23	100.080
738.48	99.353
738.73	98.579
738.99	99.144
739.24	99.443
739.49	99.525
739.75	99.106
740.00	98.547
740.25	97.791
740.51	100.191
740.76	100.446
741.01	100.427
741.27	98.750
741.52	98.163
741.77	98.114
742.03	97.336
742.28	97.931
742.53	99.044
742.79	98.702
743.04	98.876
743.29	98.061
743.55	99.359
743.80	99.092
744.05	98.322
744.31	99.559
744.56	98.317
744.81	99.335
745.07	99.890
745.32	99.646
745.57	99.166
745.83	100.764
746.08	98.466
746.33	97.804
746.59	99.229
746.84	100.334
747.09	99.799
747.35	98.804
747.60	98.354
747.85	100.066
748.10	99.955
748.36	98.449
748.61	98.026
748.86	98.320
749.12	98.943
749.37	98.761
749.62	100.338
749.88	99.709
750.13	97.697
750.38	97.176
750.64	98.909
750.89	99.013
751.14	99.244
751.39	99.634
751.65	99.222
751.90	98.995
752.15	100.501
752.41	98.920
752.66	98.398
752.91	98.895
753.17	98.714
753.42	98.615
753.67	98.609
753.92	99.839
754.18	99.917
754.43	99.349
754.68	98.754
754.94	98.011
755.19	98.644
755.44	99.573
755.69	97.918
755.95	98.195
756.20	99.364
756.45	98.838
756.71	98.824
756.96	99.946
757.21	98.951
757.46	98.126
757.72	97.878
757.97	99.649
758.22	100.105
758.48	98.612
758.73	99.481
758.98	98.672
759.23	97.195
759.49	98.370
759.74	98.264
759.99	98.248
760.25	98.243
760.50	99.016
760.75	98.692
761.00	97.309
761.26	98.459
761.51	98.633
761.76	98.746
762.01	97.724
762.27	97.704
762.52	98.694
762.77	99.635
763.02	99.256
763.28	97.928
763.53	99.009
763.78	99.209
764.03	99.202
764.29	99.217
764.54	99.516
764.79	100.051
765.04	98.911
765.30	99.171
765.55	99.096
765.80	99.713
766.05	99.242
766.31	99.237
766.56	98.332
766.81	99.501
767.06	100.594
767.32	101.225
767.57	100.955
767.82	100.044
768.07	100.188
768.33	99.332
768.58	99.142
768.83	98.460
769.08	99.279
769.34	100.157
769.59	99.476
769.84	99.119
770.09	98.356
770.35	98.057
770.60	98.446
770.85	98.208
771.10	98.276
771.35	98.527
771.61	98.916
771.86	98.498
772.11	98.521
772.36	98.225
772.62	98.815
772.87	100.043
773.12	99.475
773.37	99.333
773.62	99.158
773.88	99.656
774.13	98.261
774.38	99.364
774.63	98.744
774.89	97.925
775.14	99.272
775.39	97.812
775.64	97.894
775.89	98.727
776.15	99.928
776.40	99.120
776.65	97.921
776.90	98.304
777.15	97.877
777.41	98.398
777.66	97.101
777.91	98.129
778.16	99.952
778.41	97.938
778.67	97.527
778.92	98.265
779.17	98.643
779.42	98.548
779.67	98.910
779.93	99.040
780.18	98.573
780.43	96.734
780.68	98.031
780.93	99.033
781.19	99.549
781.44	99.190
781.69	98.412
781.94	100.319
782.19	101.660
782.45	100.858
782.70	99.614
782.95	98.978
783.20	99.086
783.45	99.357
783.70	100.091
783.96	98.391
784.21	98.070
784.46	99.446
784.71	99.778
784.96	97.779
785.22	98.886
785.47	99.588
785.72	98.567
785.97	98.766
786.22	99.132
786.47	100.088
786.73	99.541
786.98	99.424
787.23	100.198
787.48	99.162
787.73	100.398
787.98	100.000
788.24	98.221
788.49	99.432
788.74	99.240
788.99	98.186
789.24	99.635
789.49	100.187
789.75	99.709
790.00	98.957
790.25	99.009
790.50	98.582
790.75	98.361
791.00	99.230
791.26	99.848
791.51	99.014
791.76	100.715
792.01	99.392
792.26	97.753
792.51	98.325
792.76	97.714
793.02	97.845
793.27	96.627
793.52	97.945
793.77	97.735
794.02	98.103
794.27	98.424
794.52	98.912
794.78	99.840
795.03	99.301
795.28	98.842
795.53	99.049
795.78	98.272
796.03	98.825
796.28	98.531
796.54	99.542
796.79	98.892
797.04	98.860
797.29	98.974
797.54	99.032
797.79	99.092
798.04	97.592
798.29	98.385
798.55	98.814
798.80	98.110
799.05	97.291
799.30	100.836
799.55	101.679
799.80	98.843
800.05	97.814
800.30	99.038
800.56	99.632
800.81	99.747
801.06	99.803
801.31	100.340
801.56	100.398
801.81	100.695
802.06	99.537
802.31	99.531
802.56	99.882
802.82	98.983
803.07	99.595
803.32	99.656
803.57	99.441
803.82	98.620
804.07	99.489
804.32	99.507
804.57	99.308
804.82	98.714
805.07	98.995
805.33	99.233
805.58	98.668
805.83	100.313
806.08	100.000
806.33	99.778
806.58	100.571
806.83	100.049
807.08	98.438
807.33	97.098
807.58	99.421
807.84	99.397
808.09	99.892
808.34	97.513
808.59	100.331
808.84	98.775
809.09	99.828
809.34	99.971
809.59	99.085
809.84	96.916
810.09	97.393
810.34	99.504
810.59	99.732
810.85	98.692
811.10	98.854
811.35	99.079
811.60	99.455
811.85	101.245
812.10	102.528
812.35	99.259
812.60	97.970
812.85	99.382
813.10	99.227
813.35	98.127
813.60	98.019
813.85	98.180
814.10	98.894
814.36	98.625
814.61	98.801
814.86	99.878
815.11	98.959
815.36	100.849
815.61	98.708
815.86	99.410
816.11	100.739
816.36	99.786
816.61	98.364
816.86	98.441
817.11	97.407
817.36	96.984
817.61	98.232
817.86	98.498
818.11	98.337
818.36	100.315
818.62	98.337
818.87	95.817
819.12	98.847
819.37	100.287
819.62	98.008
819.87	100.674
820.12	99.684
820.37	98.962
820.62	99.594
820.87	99.512
821.12	99.293
821.37	97.731
821.62	96.519
821.87	97.095
822.12	98.680
822.37	99.508
822.62	98.172
822.87	98.090
823.12	99.118
823.37	98.602
823.62	101.529
823.87	100.442
824.12	100.790
824.37	100.824
824.62	99.220
824.87	99.707
825.12	97.738
825.37	96.833
825.63	98.653
825.88	99.528
826.13	99.689
826.38	98.562
826.63	98.238
826.88	97.679
827.13	98.518
827.38	99.153
827.63	99.696
827.88	99.895
828.13	99.507
828.38	99.776
828.63	98.111
828.88	98.259
829.13	98.391
829.38	98.704
829.63	99.243
829.88	98.330
830.13	98.505
830.38	98.657
830.63	98.464
830.88	97.490
831.13	99.649
831.38	100.495
831.63	101.363
831.88	101.269
832.13	99.787
832.38	100.070
832.63	100.385
832.88	99.423
833.13	98.414
833.38	99.067
833.63	100.134
833.88	100.978
834.13	100.528
834.38	98.439
834.63	98.741
834.88	98.831
835.13	99.338
835.38	98.374
835.63	97.866
835.88	98.500
836.13	98.458
836.38	98.409
836.63	99.558
836.88	100.737
837.12	97.108
837.37	96.291
837.62	99.744
837.87	99.560
838.12	100.520
838.37	101.750
838.62	99.137
838.87	99.435
839.12	99.741
839.37	97.326
839.62	100.372
839.87	98.782
840.12	97.653
840.37	98.707
840.62	100.744
840.87	99.319
841.12	98.327
841.37	99.078
841.62	99.436
841.87	98.024
842.12	98.907
842.37	97.432
842.62	100.038
842.87	99.630
843.12	98.232
843.37	98.398
843.62	100.418
843.87	97.467
844.11	99.211
844.36	100.382
844.61	99.225
844.86	98.365
845.11	97.793
845.36	100.763
845.61	98.532
845.86	98.238
846.11	99.539
846.36	98.147
846.61	97.530
846.86	99.842
847.11	100.565
847.36	98.276
847.61	96.523
847.86	99.586
848.11	98.779
848.35	98.802
848.60	98.690
848.85	99.564
849.10	99.921
849.35	100.595
849.60	98.033
849.85	97.702
850.10	101.312
850.35	99.130
850.60	100.621
850.85	99.757
851.10	98.427
851.35	97.795
851.60	99.226
851.84	100.246
852.09	98.997
852.34	100.405
852.59	98.601
852.84	100.577
853.09	101.283
853.34	100.431
853.59	99.611
853.84	98.258
854.09	98.550
854.34	97.482
854.59	98.426
854.83	100.978
855.08	99.462
855.33	99.665
855.58	98.916
855.83	98.690
856.08	100.083
856.33	99.052
856.58	97.922
856.83	98.999
857.08	99.244
857.32	99.629
857.57	100.087
857.82	98.227
858.07	98.072
858.32	100.737
858.57	97.610
858.82	99.611
859.07	100.516
859.32	100.260
859.56	99.228
859.81	100.000
860.06	101.196
860.31	99.488
860.56	98.123
860.81	101.126
861.06	100.130
861.31	98.831
861.56	97.570
861.80	98.073
862.05	98.262
862.30	97.957
862.55	99.606
862.80	100.858
863.05	100.900
863.30	102.047
863.55	101.911
863.79	100.812
864.04	99.393
864.29	99.374
864.54	100.367
864.79	101.065
865.04	100.937
865.29	98.872
865.54	98.750
865.78	99.535
866.03	100.463
866.28	101.577
866.53	99.769
866.78	95.624
867.03	96.742
867.28	101.510
867.52	99.953
867.77	98.104
868.02	98.961
868.27	100.383
868.52	98.739
868.77	100.433
869.02	101.508
869.26	99.758
869.51	97.368
869.76	102.595
870.01	101.053
870.26	98.138
870.51	97.367
870.76	96.495
871.00	97.480
871.25	97.009
871.50	97.501
871.75	100.050
872.00	101.106
872.25	98.764
872.49	97.267
872.74	97.134
872.99	100.208
873.24	101.090
873.49	100.102
873.74	101.029
873.98	101.262
874.23	97.258
874.48	96.445
874.73	102.022
874.98	100.269
875.23	98.343
875.47	97.216
875.72	98.819
875.97	98.942
876.22	101.559
876.47	101.195
876.72	100.649
876.96	96.566
877.21	98.001
877.46	100.532
877.71	96.814
877.96	97.918
878.20	96.727
878.45	98.881
878.70	98.492
878.95	98.895
879.20	98.651
879.45	98.919
879.69	99.033
879.94	98.066
880.19	97.811
880.44	96.444
880.69	99.346
880.93	100.211
881.18	98.312
881.43	99.779
881.68	97.876
881.93	96.961
882.17	98.610
882.42	101.390
882.67	98.020
882.92	97.216
883.17	96.217
883.41	96.736
883.66	101.993
883.91	102.671
884.16	102.884
884.41	101.297
884.65	99.310
884.90	99.135
885.15	101.898
885.40	100.055
885.64	98.450
885.89	98.344
886.14	98.429
886.39	96.953
886.64	102.185
886.88	103.397
887.13	102.361
887.38	100.173
887.63	94.836
887.88	97.073
888.12	99.587
888.37	97.637
888.62	102.115
888.87	101.358
889.11	97.903
889.36	96.809
889.61	98.712
889.86	99.413
890.10	98.927
890.35	100.878
890.60	100.686
890.85	98.967
891.10	100.185
891.34	98.016
891.59	101.376
891.84	97.751
892.09	96.154
892.33	94.049
892.58	95.602
892.83	100.496
893.08	99.343
893.32	98.509
893.57	97.862
893.82	98.542
894.07	99.678
894.31	101.935
894.56	99.937
894.81	98.057
895.06	94.701
895.30	100.258
895.55	97.883
895.80	100.062
896.05	97.593
896.29	96.799
896.54	96.175
896.79	98.106
897.04	100.981
897.28	99.372
897.53	97.487
897.78	100.718
898.03	102.592
898.27	103.298
898.52	96.690
898.77	96.218
899.01	97.715
899.26	99.864
899.51	99.377
899.76	100.766
900.00	97.911
900.25	99.861
900.50	98.080
900.75	97.577
900.99	97.785
901.24	99.228
901.49	102.635
901.73	98.138
901.98	101.050
902.23	98.379
902.48	97.529
902.72	98.018
902.97	101.032
903.22	102.628
903.47	101.612
903.71	101.002
903.96	103.331
904.21	104.498
904.45	98.561
904.70	98.109
904.95	98.267
905.20	93.139
905.44	98.451
905.69	102.429
905.94	101.848
906.18	98.301
906.43	97.865
906.68	97.676
906.92	98.522
907.17	100.815
907.42	100.150
907.67	102.937
907.91	97.181
908.16	96.260
908.41	102.078
908.65	103.203
908.90	102.028
909.15	97.538
909.39	97.454
909.64	99.848
909.89	98.148
910.13	103.417
910.38	101.189
910.63	96.911
910.88	96.299
911.12	95.853
911.37	99.230
911.62	97.676
911.86	99.114
912.11	96.882
912.36	98.818
912.60	100.500
912.85	97.549
913.10	98.618
913.34	97.958
913.59	96.599
913.84	99.663
914.08	99.830
914.33	102.010
914.58	104.230
914.82	97.510
915.07	95.613
915.32	101.185
915.56	100.169
915.81	99.564
916.06	102.143
916.30	96.283
916.55	98.753
916.80	102.164
917.04	102.992
917.29	105.196
917.54	102.180
917.78	103.509
918.03	95.120
918.28	98.127
918.52	99.541
918.77	96.736
919.02	100.985
919.26	102.486
919.51	99.821
919.76	100.284
920.00	100.569
920.25	95.948
920.49	100.848
920.74	105.877
920.99	104.730
921.23	102.783
921.48	102.772
921.73	99.442
921.97	98.667
922.22	98.333
922.47	100.856
922.71	101.540
922.96	99.214
923.21	96.797
923.45	100.306
923.70	101.249
923.94	98.019
924.19	97.814
924.44	102.245
924.68	95.868
924.93	92.651
925.18	101.497
925.42	98.307
925.67	96.865
925.91	96.197
926.16	95.166
926.41	98.571
926.65	102.475
926.90	101.636
927.15	100.107
927.39	101.897
927.64	97.616
927.88	92.959
928.13	96.812
928.38	100.894
928.62	96.827
928.87	96.711
929.11	100.550
929.36	101.842
929.61	99.772
929.85	99.083
930.10	95.703
930.34	100.352
930.59	99.410
930.84	94.890
931.08	98.129
931.33	96.552
931.57	97.534
931.82	93.074
932.07	98.719
932.31	100.371
932.56	98.440
932.80	100.533
933.05	103.927
933.30	100.510
933.54	102.399
933.79	103.196
934.03	98.370
934.28	101.403
934.53	95.132
934.77	99.559
935.02	96.483
935.26	95.833
935.51	108.809
935.76	104.486
936.00	101.354
936.25	95.522
936.49	93.260
936.74	93.738
936.98	101.042
937.23	98.117
937.48	109.553
937.72	100.826
937.97	100.924
938.21	108.883
938.46	101.985
938.70	103.342
938.95	105.094
939.20	102.486
939.44	96.267
939.69	99.440
939.93	101.754
940.18	99.410
940.42	100.952
940.67	112.500
940.92	104.828
941.16	103.236
941.41	101.587
941.65	102.749
941.90	111.450
942.14	109.016
942.39	107.870
942.63	98.897
942.88	89.474
943.13	91.797
943.37	89.958
943.62	97.388
943.86	100.000
944.11	101.316
944.35	101.509
944.60	103.734
944.84	88.803
945.09	87.755
945.34	104.933
945.58	105.833
945.83	101.404
946.07	91.720
946.32	87.589
946.56	100.000
946.81	108.019
947.05	126.794
947.30	102.941
947.54	95.302
947.79	113.284
948.03	100.336
948.28	93.870
948.53	100.366
948.77	94.340
949.02	89.508
949.26	93.561
949.51	107.468
949.75	105.844
950.00	102.970
950.24	107.667
950.49	106.419
950.73	97.324
950.98	90.000
951.22	105.208
951.47	91.884
951.71	95.628
951.96	92.000
952.20	102.006
952.45	102.367
952.69	104.249
952.94	100.244
953.18	92.750
953.43	98.163
953.67	94.286
953.92	92.328
954.16	96.977
954.41	101.404
954.65	91.033
954.90	89.791
955.14	97.122
955.39	99.505
955.63	102.451
955.88	100.258
956.12	109.019
956.37	92.462
956.61	92.610
956.86	105.793
957.10	102.260
957.35	104.370
957.59	96.758
957.84	93.970
958.08	108.740
958.33	104.040
958.57	103.155
958.82	97.337
959.06	101.042
959.31	100.957
959.55	99.254
959.80	93.317
960.04	91.932
960.29	91.395
960.53	102.332
960.78	106.316
961.02	124.064
961.27	98.992
961.51	95.370
961.76	103.349
962.00	93.289
962.25	91.803
962.49	95.116
962.74	95.833
962.98	99.776
963.23	95.116
963.47	88.783
963.71	92.695
963.96	97.638
964.20	97.368
964.45	103.325
964.69	108.539
964.94	102.392
965.18	95.785
965.43	92.326
965.67	90.998
965.92	100.244
966.16	97.630
966.41	92.857
966.65	96.753
966.89	95.614
967.14	91.556
967.38	91.051
967.63	93.777
967.87	98.520
968.12	99.780
968.36	104.852
968.61	100.000
968.85	94.272
969.10	93.301
969.34	95.581
969.58	97.789
969.83	92.873
970.07	94.700
970.32	102.244
970.56	97.500
970.81	94.458
971.05	116.272
971.29	107.649
971.54	88.441
971.78	91.162
972.03	98.017
972.27	103.550
972.52	102.427
972.76	104.726
973.00	100.711
973.25	97.750
973.49	93.995
973.74	98.652
973.98	104.178
974.23	105.882
974.47	104.304
974.71	102.180
974.96	103.351
975.20	100.513
975.45	101.050
975.69	88.206
975.94	83.373
976.18	85.714
976.42	92.098
976.67	92.574
976.91	92.593
977.16	95.610
977.40	105.497
977.64	104.668
977.89	102.804
978.13	96.145
978.38	97.590
978.62	87.848
978.86	111.148
979.11	109.480
979.35	83.684
979.60	101.877
979.84	98.168
980.08	90.836
980.33	88.342
980.57	92.857
980.82	95.137
981.06	90.566
981.30	99.112
981.55	89.947
981.79	105.357
982.04	101.840
982.28	101.907
982.52	89.367
982.77	85.372
983.01	96.456
983.26	101.311
983.50	94.286
983.74	91.127
983.99	93.662
984.23	101.026
984.48	100.261
984.72	94.344
984.96	90.050
985.21	93.388
985.45	96.944
985.69	92.328
985.94	99.000
986.18	109.507
986.43	98.566
986.67	92.945
986.91	86.648
987.16	85.099
987.40	105.281
987.64	101.967
987.89	102.649
988.13	104.878
988.37	96.865
988.62	95.029
988.86	93.113
989.11	85.437
989.35	96.981
989.59	113.879
989.84	82.667
990.08	90.154
990.32	93.976
990.57	102.899
990.81	96.715
991.05	92.833
991.30	94.161
991.54	95.710
991.78	87.338
992.03	84.971
992.27	104.531
992.51	126.016
992.76	105.926
993.00	98.662
993.25	100.000
993.49	103.929
993.73	84.076
993.98	87.926
994.22	98.901
994.46	91.724
994.71	99.655
994.95	85.862
995.19	89.157
995.44	90.876
995.68	93.238
995.92	85.806
996.17	80.967
996.41	98.976
996.65	95.098
996.90	95.572
997.14	112.236
997.38	114.163
997.63	105.579
997.87	120.000
998.11	96.203
998.36	100.369
998.60	111.940
998.84	96.212
999.08	86.469
999.33	87.241
999.57	101.770
999.81	97.285
1000.06	94.907
1000.30	115.426
1000.54	125.743
1000.79	102.137
1001.03	81.720
1001.27	96.000
1001.52	92.000
1001.76	111.203
1002.00	99.640
1002.25	97.628
1002.49	95.726
1002.73	90.169
1002.97	92.105
1003.22	107.143
1003.46	98.374
1003.70	96.311
1003.95	102.449
1004.19	111.111
1004.43	96.604
1004.68	95.385
1004.92	84.000
1005.16	104.453
1005.40	112.146
1005.65	113.675
1005.89	103.913
1006.13	93.033
1006.38	87.452
1006.62	100.717
1006.86	91.273
1007.10	112.136
1007.35	102.262
1007.59	87.931
1007.83	102.811
1008.08	106.827
1008.32	108.614
1008.56	87.594
1008.80	77.679
1009.05	82.508
1009.29	90.514
1009.53	96.581
1009.77	102.913
1010.02	96.735
1010.26	101.575
1010.50	90.000
1010.75	87.925
1010.99	91.566
1011.23	102.521
1011.47	75.532
1011.72	100.784
1011.96	98.598
1012.20	92.825
1012.44	95.618
1012.69	79.239
1012.93	62.876
1013.17	91.518
1013.41	98.347
1013.66	85.606
1013.90	97.166
1014.14	88.571
1014.38	94.488
1014.63	93.385
1014.87	94.521
1015.11	103.509
1015.35	109.615
1015.60	94.606
1015.84	100.909
1016.08	104.762
1016.32	103.629
1016.57	111.574
1016.81	121.827
1017.05	107.143
1017.29	101.064
1017.54	122.424
1017.78	102.941
1018.02	100.966
1018.26	111.811
1018.51	98.238
1018.75	91.720
1018.99	84.977
1019.23	100.957
1019.48	102.073
1019.72	88.824
1019.96	106.633
1020.20	121.429
1020.44	101.299
1020.69	109.497
1020.93	95.506
1021.17	76.190
1021.41	119.745
1021.66	104.494
1021.90	108.571
1022.14	102.632
1022.38	105.769
1022.62	115.385
1022.87	109.091
1023.11	118.881
1023.35	121.168
1023.59	75.500
1023.84	105.882
1024.08	123.134
1024.32	93.000
1024.56	95.135
1024.80	107.650
1025.05	114.615
1025.29	109.467
1025.53	91.837
1025.77	104.717
1026.01	75.926
1026.26	78.537
1026.50	83.721
1026.74	78.481
1026.98	101.205
1027.22	115.789
1027.47	83.636
1027.71	97.740
1027.95	116.892
1028.19	85.034
1028.43	93.578
1028.68	126.016
1028.92	82.105
1029.16	112.409
1029.40	118.954
1029.64	103.817
1029.89	118.519
1030.13	108.197
1030.37	112.593
1030.61	112.329
1030.85	124.427
1031.09	71.127
1031.34	95.918
1031.58	124.468
1031.82	222.388
1032.06	182.022
1032.30	77.358
1032.55	105.882
1032.79	116.000
1033.03	123.577
1033.27	123.944
1033.51	105.660
1033.75	111.765
1034.00	93.578
1034.24	160.000
1034.48	110.294
1034.72	96.629
1034.96	75.325
1035.20	108.929
1035.45	122.340
1035.69	100.909
1035.93	86.441
1036.17	104.348
1036.41	81.752
1036.65	88.636
1036.89	108.140
1037.14	81.250
1037.38	97.479
1037.62	79.577
1037.86	50.993
1038.10	117.117
1038.34	122.727
1038.59	83.333
1038.83	91.250
1039.07	90.000
1039.31	128.767
1039.55	83.099
1039.79	89.011
1040.03	101.550
1040.28	95.726
1040.52	187.234
1040.76	128.070
1041.00	88.430
1041.24	104.348
1041.48	139.796
1041.72	116.438
1041.97	240.000
1042.21	78.049
1042.45	43.200
1042.69	100.000
1042.93	112.941
1043.17	144.872
1043.41	93.277
1043.65	94.074
1043.90	107.947
1044.14	109.574
1044.38	96.703
1044.62	148.315
1044.86	89.796
1045.10	59.821
1045.34	101.149
1045.58	192.857
1045.83	153.521
1046.07	118.824
1046.31	87.719
1046.55	78.846
1046.79	112.329
1047.03	82.895
1047.27	72.840
1047.51	52.809
1047.75	69.000
1048.00	97.727
1048.24	72.603
1048.48	125.000
1048.72	86.842
1048.96	79.787
1049.20	125.926
1049.44	296.667
1049.68	78.761
1049.92	66.667
1050.16	104.124
1050.41	117.647
1050.65	181.481
1050.89	128.261
1051.13	143.750
1051.37	108.000
1051.61	141.071
1051.85	122.222
1052.09	165.306
1052.33	63.830
1052.57	140.741
1052.81	86.598
1053.06	61.832
1053.30	84.932
1053.54	67.692
1053.78	80.952
1054.02	103.125
1054.26	98.374
1054.50	109.639
1054.74	112.857
1054.98	183.333
1055.22	190.385
1055.46	110.811
1055.70	89.474
1055.94	145.714
1056.19	32.692
1056.43	113.514
1056.67	115.873
1056.91	55.914
1057.15	70.909
1057.39	238.462
1057.63	74.074
1057.87	44.304
1058.11	40.625
1058.35	108.163
1058.59	125.000
1058.83	89.474
1059.07	112.000
1059.31	145.455
1059.55	38.333
1059.79	48.529
1060.04	68.966
1060.28	-250.000
1060.52	31.429
1060.76	85.526
1061.00	66.667
1061.24	57.692
1061.48	89.583
1061.72	105.882
1061.96	107.143
1062.20	64.912
1062.44	-3.125
1062.68	120.408
1062.92	152.727
1063.16	22.917
1063.40	125.862
1063.64	106.897
1063.88	-1650.000
1064.12	245.652
1064.36	97.959
1064.60	84.058
1064.84	170.370
1065.08	104.478
1065.32	113.043
1065.57	15.152
1065.81	95.775
1066.05	89.474
1066.29	92.727
1066.53	96.078
1066.77	81.481
1067.01	650.000
1067.25	140.000
1067.49	150.000
1067.73	-471.429
1067.97	157.143
1068.21	106.667
1068.45	71.429
1068.69	149.123
1068.93	257.692
1069.17	86.047
1069.41	106.818
1069.65	132.895
1069.89	66.667
1070.13	44.118
1070.37	-275.000
1070.61	0.000
1070.85	112.121
1071.09	115.556
1071.33	58.209
1071.57	53.659
1071.81	78.049
1072.05	156.667
1072.29	571.429
1072.53	66.667
1072.77	151.020
1073.01	130.357
1073.25	79.592
1073.49	170.588
1073.73	130.769
1073.97	1225.000
1074.21	-480.000
1074.45	75.000
1074.69	46.552
1074.93	30.769
1075.17	318.182
1075.41	197.826
1075.65	88.462
1075.89	40.000
1076.13	107.407
1076.37	85.714
1076.61	-4.225
1076.85	-1150.000
1077.09	67.500
1077.33	102.857
1077.57	0.000
1077.81	93.548
1078.05	14.286
1078.29	6.410
1078.53	63.953
1078.77	168.966
1079.01	106.250
1079.24	134.286
1079.48	78.261
1079.72	164.000
1079.96	-78.571
1080.20	48.276
1080.44	119.355
1080.68	-866.667
1080.92	104.167
1081.16	77.778
1081.40	71.429
1081.64	55.102
1081.88	22.807
1082.12	121.739
1082.36	34.375
1082.60	24.074
1082.84	112.500
1083.08	162.791
1083.32	-16.667
1083.56	66.667
1083.80	142.857
1084.04	414.286
1084.28	185.714
1084.52	466.667
1084.75	57.143
1084.99	-20.000
1085.23	263.636
1085.47	-166.667
1085.71	400.000
1085.95	72.222
1086.19	244.444
1086.43	200.000
1086.67	-20.000
1086.91	138.710
1087.15	116.129
1087.39	650.000
1087.63	757.143
1087.87	211.765
1088.11	147.619
1088.35	73.529
1088.58	160.000
1088.82	111.429
1089.06	-0.000
1089.30	650.000
1089.54	-46.667
1089.78	-21.212
1090.02	1100.000
1090.26	-38.889
1090.50	-50.000
1090.74	75.000
1090.98	-120.833
1091.22	-300.000
1091.46	-3600.000
1091.69	120.408
1091.93	189.286
1092.17	-35.294
1092.41	166.667
1092.65	-161.905
1092.89	25.000
1093.13	100.000
1093.37	113.333
1093.61	51.111
1093.85	188.889
1094.09	50.000
1094.32	-0.000
1094.56	-34.286
1094.80	180.000
1095.04	2.439
1095.28	156.250
1095.52	77.778
1095.76	100.000
1096.00	160.000
1096.24	70.000
1096.47	250.000
1096.71	300.000
1096.95	-0.000
1097.19	43.750
1097.43	28.571
1097.67	466.667
1097.91	-113.333
1098.15	47.619
1098.39	30.769
1098.62	142.857
1098.86	159.091
1099.10	106.667
1099.34	2000.000
1099.58	-34.615
1099.82	10.000
1100.06	21.429
1100.30	0.000
1100.53	-900.000
1100.77	-1033.333
1101.01	9.091
1101.25	0.000
1101.49	38.462
1101.73	200.000
1101.97	13.953
1102.21	0.000
1102.44	3.448
1102.68	3.333
1102.92	73.333
1103.16	58.621
1103.40	300.000
1103.64	125.000
1103.88	-320.000
1104.11	-71.429
1104.35	10.000
1104.59	180.952
1104.83	243.750
1105.07	21.429
1105.31	250.000
1105.55	65.517
1105.78	72.340
1106.02	54.545
1106.26	-138.462
1106.50	80.000
1106.74	62.500
1106.98	-500.000
1107.22	95.652
1107.45	140.000
1107.69	217.391
1107.93	293.750
1108.17	200.000
1108.41	157.143
1108.65	25.000
1108.88	-333.333
1109.12	46.939
1109.36	-1900.000
1109.60	200.000
1109.84	4900.000
1110.08	-566.667
1110.31	-85.714
1110.55	106.452
1110.79	20.690
1111.03	-18.750
1111.27	15.152
1111.51	-66.667
1111.74	-31.818
1111.98	-288.235
1112.22	39.024
1112.46	182.353
1112.70	-100.000
1112.93	-110.000
1113.17	35.484
1113.41	97.561
1113.65	-38.095
1113.89	97.143
1114.13	-5.882
1114.36	41.667
1114.60	100.000
1114.84	95.349
1115.08	61.538
1115.32	96.552
1115.55	-169.231
1115.79	-122.222
1116.03	-740.000
1116.27	-212.500
1116.51	-83.333
1116.74	27.273
1116.98	-833.333
1117.22	40.909
1117.46	121.739
1117.70	82.609
1117.93	64.286
1118.17	0.000
1118.41	125.000
1118.65	187.500
1118.89	15.625
1119.12	-525.000
1119.36	7.692
1119.60	107.143
1119.84	184.211
1120.07	0.000
1120.31	87.179
1120.55	100.000
1120.79	-45.161
1121.03	-400.000
1121.26	14.706
1121.50	-12.500
1121.74	102.941
1121.98	35.294
1122.21	87.500
1122.45	41.667
1122.69	77.778
1122.93	-166.667
1123.17	-66.667
1123.40	81.481
1123.64	92.857
1123.88	44.444
1124.12	238.462
1124.35	141.667
1124.59	6.667
1124.83	108.571
1125.07	-36.364
1125.30	10.000
1125.54	120.000
1125.78	55.556
1126.02	97.222
