195.27	-370.588
195.55	63.158
195.82	50.000
196.09	-153.846
196.36	-79.412
196.63	-24.194
196.90	-117.241
197.17	-272.000
197.44	-950.000
197.71	-70.000
197.98	0.000
198.25	433.333
198.52	310.526
198.79	219.231
199.06	135.294
199.33	1975.000
199.60	-687.500
199.87	107.447
200.14	92.615
200.42	93.377
200.69	94.843
200.96	92.461
201.23	90.870
201.50	87.805
201.77	89.683
202.04	89.669
202.31	102.330
202.58	101.509
202.85	101.793
203.12	96.064
203.39	90.037
203.66	91.404
203.93	88.042
204.20	78.720
204.47	78.683
204.74	85.826
205.01	90.572
205.28	91.068
205.55	84.666
205.82	87.537
206.09	87.520
206.36	79.245
206.63	83.385
206.90	92.671
207.17	90.723
207.45	80.453
207.72	83.776
207.99	91.460
208.26	82.468
208.53	78.088
208.80	78.162
209.07	82.292
209.34	79.644
209.61	78.598
209.88	84.645
210.15	83.269
210.42	78.351
210.69	84.367
210.96	86.082
211.23	84.917
211.50	77.327
211.77	80.571
212.04	83.751
212.31	85.233
212.58	81.910
212.85	77.199
213.12	81.780
213.39	79.661
213.66	82.231
213.93	82.540
214.20	77.233
214.47	79.787
214.74	80.572
215.01	78.318
215.28	77.148
215.55	79.383
215.82	81.094
216.09	79.456
216.36	77.256
216.63	81.315
216.90	75.821
217.17	76.134
217.44	73.257
217.71	76.199
217.98	74.979
218.25	76.399
218.52	76.585
218.79	77.859
219.06	76.929
219.33	74.054
219.60	73.042
219.87	76.357
220.14	74.533
220.41	72.154
220.68	72.810
220.95	74.861
221.22	73.343
221.49	75.548
221.76	72.458
222.03	70.157
222.30	71.707
222.57	72.463
222.84	72.198
223.11	72.733
223.38	68.017
223.65	66.844
223.92	69.217
224.19	72.483
224.46	70.875
224.73	68.671
225.00	69.184
225.27	69.330
225.54	68.043
225.81	67.737
226.08	69.522
226.35	69.832
226.62	66.766
226.89	67.058
227.16	69.106
227.43	68.625
227.70	67.711
227.97	64.209
228.24	65.657
228.51	67.732
228.78	66.785
229.05	65.093
229.32	66.581
229.58	68.213
229.85	66.803
230.12	67.409
230.39	65.725
230.66	64.978
230.93	64.939
231.20	65.489
231.47	65.661
231.74	65.777
232.01	65.377
232.28	63.969
232.55	63.706
232.82	62.866
233.09	62.570
233.36	62.973
233.63	64.050
233.90	65.858
234.17	64.643
234.44	63.077
234.71	61.474
234.98	62.333
235.25	62.000
235.52	61.856
235.79	60.931
236.06	61.832
236.32	61.610
236.59	59.791
236.86	61.300
237.13	62.306
237.40	61.606
237.67	60.414
237.94	60.245
238.21	60.784
238.48	62.132
238.75	60.547
239.02	60.411
239.29	61.480
239.56	60.642
239.83	60.204
240.10	60.822
240.37	61.961
240.64	61.357
240.91	61.257
241.17	60.899
241.44	60.271
241.71	60.764
241.98	59.844
242.25	59.610
242.52	61.449
242.79	61.117
243.06	60.125
243.33	60.239
243.60	60.771
243.87	60.149
244.14	59.072
244.41	59.536
244.68	61.372
244.95	61.027
245.21	60.327
245.48	60.284
245.75	60.549
246.02	60.430
246.29	60.520
246.56	60.463
246.83	60.707
247.10	59.873
247.37	60.137
247.64	59.884
247.91	60.457
248.18	60.316
248.45	59.663
248.71	59.747
248.98	60.019
249.25	59.592
249.52	60.223
249.79	60.474
250.06	60.493
250.33	61.461
250.60	61.662
250.87	60.723
251.14	61.023
251.41	61.398
251.68	61.646
251.94	60.258
252.21	60.251
252.48	60.362
252.75	61.726
253.02	60.004
253.29	60.136
253.56	60.134
253.83	60.786
254.10	61.112
254.37	60.522
254.63	60.442
254.90	60.375
255.17	60.302
255.44	60.622
255.71	61.204
255.98	61.533
256.25	61.068
256.52	60.233
256.79	60.174
257.06	59.498
257.32	60.753
257.59	61.938
257.86	61.778
258.13	60.964
258.40	60.389
258.67	61.606
258.94	61.018
259.21	61.869
259.48	61.806
259.74	61.464
260.01	61.935
260.28	60.627
260.55	62.113
260.82	61.053
261.09	61.112
261.36	61.601
261.63	61.768
261.89	62.166
262.16	61.496
262.43	61.877
262.70	60.822
262.97	60.678
263.24	61.760
263.51	61.325
263.78	62.140
264.05	62.345
264.31	62.681
264.58	61.454
264.85	61.975
265.12	62.028
265.39	61.975
265.66	62.170
265.93	62.612
266.19	63.014
266.46	62.267
266.73	62.569
267.00	63.412
267.27	64.192
267.54	62.468
267.81	62.248
268.08	61.989
268.34	61.484
268.61	62.537
268.88	62.066
269.15	61.761
269.42	62.234
269.69	62.577
269.96	61.857
270.22	61.990
270.49	62.523
270.76	62.129
271.03	61.481
271.30	61.083
271.57	61.396
271.84	61.435
272.10	61.857
272.37	62.317
272.64	61.930
272.91	61.602
273.18	61.680
273.45	61.914
273.72	61.638
273.98	61.731
274.25	62.713
274.52	61.790
274.79	62.312
275.06	62.714
275.33	61.682
275.59	62.466
275.86	63.287
276.13	61.402
276.40	59.745
276.67	62.087
276.94	61.574
277.20	61.575
277.47	62.149
277.74	61.873
278.01	61.632
278.28	62.754
278.55	62.424
278.81	60.719
279.08	61.294
279.35	61.059
279.62	60.402
279.89	60.890
280.16	61.442
280.42	60.461
280.69	59.039
280.96	60.312
281.23	60.140
281.50	60.504
281.77	60.373
282.03	59.025
282.30	58.373
282.57	58.420
282.84	59.140
283.11	59.670
283.38	59.311
283.64	58.739
283.91	57.930
284.18	58.603
284.45	58.878
284.72	58.061
284.98	58.288
285.25	59.549
285.52	58.872
285.79	59.471
286.06	59.193
286.33	59.218
286.59	59.019
286.86	58.833
287.13	57.373
287.40	57.871
287.67	57.417
287.93	57.359
288.20	58.566
288.47	57.365
288.74	57.828
289.01	57.713
289.27	57.739
289.54	56.061
289.81	55.356
290.08	56.619
290.35	55.826
290.61	55.982
290.88	55.385
291.15	56.454
291.42	55.915
291.69	55.756
291.95	55.538
292.22	55.593
292.49	55.084
292.76	55.168
293.03	55.720
293.29	55.313
293.56	54.651
293.83	54.417
294.10	54.685
294.37	54.323
294.63	54.041
294.90	53.110
295.17	52.895
295.44	53.627
295.70	53.467
295.97	52.992
296.24	52.666
296.51	53.870
296.78	52.003
297.04	52.951
297.31	52.899
297.58	52.885
297.85	52.422
298.11	52.838
298.38	51.972
298.65	51.397
298.92	51.870
299.19	52.024
299.45	51.950
299.72	50.981
299.99	51.017
300.26	50.821
300.52	51.653
300.79	50.110
301.06	50.717
301.33	50.395
301.60	50.298
301.86	50.520
302.13	50.102
302.40	50.111
302.67	50.427
302.93	49.898
303.20	49.114
303.47	50.025
303.74	49.315
304.00	50.304
304.27	50.406
304.54	49.689
304.81	48.986
305.07	49.332
305.34	48.774
305.61	49.264
305.88	50.861
306.15	50.671
306.41	49.282
306.68	49.367
306.95	49.097
307.22	47.427
307.48	48.309
307.75	49.308
308.02	48.820
308.29	49.217
308.55	48.497
308.82	49.440
309.09	49.295
309.36	48.459
309.62	47.902
309.89	48.127
310.16	47.190
310.42	47.991
310.69	48.411
310.96	48.281
311.23	49.399
311.49	49.541
311.76	48.005
312.03	47.204
312.30	47.321
312.56	46.883
312.83	47.167
313.10	47.867
313.37	46.620
313.63	48.020
313.90	47.869
314.17	47.279
314.44	46.637
314.70	47.691
314.97	47.508
315.24	46.968
315.50	47.206
315.77	47.084
316.04	47.152
316.31	47.641
316.57	46.888
316.84	47.225
317.11	47.228
317.38	46.414
317.64	47.023
317.91	47.072
318.18	46.248
318.44	46.655
318.71	48.093
318.98	47.472
319.25	46.929
319.51	46.518
319.78	47.317
320.05	47.204
320.31	46.579
320.58	46.632
320.85	46.749
321.12	47.390
321.38	46.579
321.65	46.166
321.92	46.369
322.18	46.342
322.45	46.090
322.72	45.027
322.99	45.532
323.25	46.746
323.52	46.551
323.79	46.447
324.05	47.679
324.32	46.584
324.59	46.115
324.86	46.040
325.12	45.894
325.39	45.945
325.66	45.718
325.92	45.723
326.19	46.106
326.46	46.244
326.72	46.190
326.99	45.588
327.26	46.333
327.52	46.652
327.79	46.391
328.06	45.766
328.33	45.189
328.59	45.246
328.86	45.922
329.13	45.975
329.39	45.814
329.66	45.887
329.93	45.876
330.19	45.524
330.46	46.278
330.73	46.282
330.99	45.760
331.26	46.060
331.53	46.588
331.79	45.972
332.06	45.050
332.33	46.102
332.60	46.674
332.86	47.024
333.13	45.423
333.40	44.943
333.66	45.959
333.93	45.417
334.20	44.802
334.46	45.297
334.73	46.201
335.00	45.923
335.26	46.432
335.53	46.344
335.80	46.411
336.06	45.348
336.33	44.737
336.60	44.504
336.86	45.996
337.13	46.064
337.40	44.808
337.66	45.482
337.93	45.863
338.20	45.354
338.46	45.443
338.73	45.234
339.00	45.060
339.26	45.136
339.53	45.971
339.80	45.589
340.06	44.932
340.33	44.519
340.60	45.518
340.86	46.308
341.13	45.971
341.40	45.543
341.66	45.791
341.93	45.647
342.19	45.759
342.46	45.704
342.73	45.887
342.99	46.136
343.26	45.511
343.53	46.195
343.79	45.921
344.06	45.195
344.33	45.314
344.59	45.293
344.86	46.714
345.13	45.934
345.39	44.449
345.66	43.454
345.93	44.529
346.19	45.726
346.46	45.815
346.72	46.114
346.99	45.342
347.26	45.181
347.52	44.863
347.79	45.778
348.06	45.767
348.32	45.983
348.59	46.041
348.86	46.150
349.12	46.085
349.39	45.766
349.65	45.490
349.92	46.144
350.19	45.419
350.45	45.437
350.72	45.749
350.99	45.532
351.25	45.355
351.52	46.391
351.78	47.211
352.05	46.669
352.32	45.688
352.58	45.848
352.85	46.888
353.12	46.125
353.38	46.466
353.65	45.821
353.91	45.727
354.18	45.459
354.45	45.666
354.71	45.834
354.98	47.406
355.24	46.267
355.51	45.343
355.78	46.927
356.04	46.216
356.31	46.407
356.58	45.348
356.84	45.723
357.11	45.887
357.37	45.884
357.64	45.224
357.91	44.472
358.17	45.613
358.44	46.497
358.70	46.035
358.97	46.254
359.24	46.567
359.50	46.294
359.77	46.372
360.03	46.248
360.30	46.461
360.57	47.282
360.83	46.444
361.10	47.119
361.36	47.371
361.63	46.916
361.90	46.239
362.16	45.326
362.43	46.497
362.69	46.913
362.96	46.377
363.23	47.184
363.49	47.678
363.76	46.617
364.02	47.132
364.29	47.783
364.55	47.405
364.82	47.353
365.09	47.163
365.35	47.286
365.62	47.165
365.88	46.697
366.15	46.766
366.42	46.955
366.68	47.527
366.95	47.719
367.21	47.057
367.48	46.151
367.74	47.449
368.01	46.752
368.28	46.483
368.54	46.936
368.81	47.189
369.07	47.184
369.34	46.999
369.60	46.611
369.87	46.724
370.14	46.164
370.40	46.596
370.67	47.356
370.93	47.778
371.20	47.581
371.46	46.637
371.73	47.309
372.00	46.809
372.26	45.110
372.53	46.078
372.79	46.229
373.06	46.223
373.32	46.732
373.59	46.969
373.85	46.442
374.12	46.618
374.39	46.230
374.65	45.993
374.92	45.867
375.18	44.995
375.45	45.409
375.71	45.842
375.98	45.518
376.24	45.921
376.51	45.385
376.78	44.782
377.04	45.517
377.31	45.131
377.57	44.675
377.84	43.625
378.10	44.099
378.37	44.936
378.63	44.745
378.90	44.812
379.16	44.317
379.43	44.432
379.70	44.069
379.96	43.997
380.23	43.981
380.49	43.992
380.76	43.490
381.02	42.813
381.29	43.318
381.55	43.260
381.82	43.152
382.08	43.115
382.35	42.696
382.61	42.812
382.88	43.348
383.15	43.019
383.41	42.610
383.68	43.412
383.94	43.275
384.21	43.477
384.47	42.255
384.74	42.767
385.00	42.900
385.27	42.733
385.53	42.944
385.80	42.533
386.06	42.546
386.33	41.989
386.59	42.276
386.86	42.431
387.12	41.698
387.39	42.204
387.65	41.942
387.92	41.686
388.18	41.888
388.45	41.892
388.71	41.790
388.98	41.252
389.24	42.085
389.51	41.645
389.78	41.650
390.04	40.965
390.31	41.056
390.57	40.762
390.84	40.707
391.10	41.228
391.37	40.635
391.63	40.345
391.90	40.611
392.16	41.042
392.43	41.270
392.69	40.174
392.96	40.175
393.22	40.604
393.49	40.885
393.75	40.127
394.02	40.074
394.28	40.361
394.55	40.089
394.81	39.812
395.08	39.499
395.34	39.846
395.61	39.710
395.87	39.384
396.14	39.245
396.40	39.350
396.67	39.678
396.93	39.072
397.19	39.183
397.46	39.932
397.72	39.429
397.99	39.207
398.25	39.966
398.52	39.445
398.78	39.414
399.05	39.654
399.31	39.430
399.58	38.813
399.84	38.674
400.11	38.681
400.37	39.748
400.64	39.927
400.90	39.875
401.17	38.445
401.43	38.047
401.70	39.081
401.96	39.201
402.23	39.030
402.49	38.624
402.76	38.545
403.02	38.032
403.29	37.868
403.55	38.065
403.81	39.310
404.08	39.130
404.34	37.911
404.61	37.700
404.87	37.997
405.14	37.771
405.40	37.712
405.67	38.463
405.93	38.633
406.20	37.740
406.46	38.116
406.73	37.642
406.99	38.151
407.25	38.231
407.52	37.271
407.78	37.174
408.05	37.942
408.31	37.561
408.58	37.346
408.84	37.903
409.11	37.968
409.37	37.703
409.64	37.414
409.90	37.816
410.16	37.713
410.43	37.690
410.69	37.514
410.96	37.902
411.22	37.674
411.49	37.041
411.75	37.407
412.02	37.313
412.28	37.761
412.54	37.218
412.81	36.915
413.07	37.288
413.34	37.890
413.60	37.559
413.87	36.852
414.13	36.872
414.40	37.186
414.66	37.032
414.92	36.165
415.19	36.309
415.45	36.333
415.72	37.120
415.98	37.022
416.25	36.136
416.51	36.117
416.77	36.627
417.04	36.331
417.30	36.477
417.57	36.213
417.83	36.347
418.10	36.182
418.36	36.677
418.62	35.845
418.89	36.163
419.15	36.040
419.42	35.798
419.68	36.088
419.95	35.208
420.21	35.713
420.47	35.979
420.74	35.412
421.00	35.450
421.27	36.011
421.53	35.844
421.79	35.771
422.06	35.499
422.32	35.597
422.59	35.981
422.85	36.435
423.11	36.069
423.38	36.146
423.64	35.627
423.91	35.713
424.17	35.970
424.44	35.549
424.70	35.539
424.96	35.374
425.23	35.222
425.49	35.560
425.76	35.317
426.02	34.995
426.28	34.408
426.55	35.022
426.81	35.287
427.08	35.072
427.34	35.352
427.60	35.257
427.87	35.451
428.13	35.136
428.40	34.771
428.66	35.298
428.92	35.299
429.19	34.972
429.45	34.740
429.71	35.197
429.98	35.340
430.24	34.971
430.51	34.038
430.77	34.865
431.03	35.210
431.30	35.458
431.56	35.819
431.83	34.798
432.09	34.208
432.35	34.694
432.62	35.044
432.88	34.848
433.14	34.645
433.41	34.630
433.67	34.103
433.94	34.307
434.20	35.084
434.46	35.023
434.73	35.020
434.99	34.707
435.25	34.258
435.52	34.414
435.78	34.170
436.05	34.827
436.31	35.449
436.57	34.263
436.84	34.462
437.10	34.041
437.36	33.974
437.63	33.936
437.89	33.572
438.15	33.777
438.42	34.366
438.68	34.403
438.95	34.307
439.21	34.233
439.47	34.419
439.74	35.058
440.00	34.611
440.26	34.382
440.53	34.566
440.79	34.666
441.05	34.571
441.32	34.645
441.58	34.733
441.84	33.966
442.11	34.001
442.37	34.189
442.64	34.150
442.90	34.075
443.16	33.846
443.43	33.315
443.69	33.814
443.95	34.067
444.22	33.845
444.48	33.992
444.74	34.187
445.01	34.133
445.27	33.403
445.53	33.677
445.80	33.775
446.06	33.695
446.32	33.809
446.59	33.591
446.85	33.643
447.11	33.338
447.38	32.984
447.64	33.324
447.90	33.615
448.17	33.529
448.43	33.896
448.69	34.352
448.96	34.232
449.22	34.036
449.48	33.366
449.75	33.203
450.01	33.069
450.27	33.108
450.54	33.811
450.80	33.384
451.06	33.191
451.33	33.947
451.59	33.375
451.85	33.775
452.12	33.759
452.38	33.439
452.64	33.004
452.91	32.844
453.17	32.729
453.43	33.262
453.69	33.544
453.96	32.882
454.22	32.460
454.48	32.264
454.75	32.594
455.01	32.193
455.27	32.619
455.54	32.619
455.80	33.206
456.06	33.187
456.33	33.380
456.59	33.202
456.85	32.956
457.12	33.158
457.38	33.100
457.64	32.830
457.90	32.722
458.17	32.905
458.43	33.074
458.69	33.595
458.96	32.896
459.22	32.914
459.48	33.245
459.75	32.928
460.01	32.810
460.27	32.407
460.53	32.902
460.80	33.229
461.06	33.075
461.32	32.824
461.59	32.793
461.85	32.155
462.11	32.144
462.37	31.975
462.64	32.720
462.90	33.048
463.16	32.007
463.43	32.009
463.69	32.436
463.95	32.825
464.21	33.052
464.48	32.578
464.74	32.643
465.00	33.089
465.27	32.489
465.53	32.161
465.79	31.915
466.05	32.968
466.32	32.675
466.58	32.204
466.84	32.971
467.10	32.396
467.37	32.230
467.63	32.634
467.89	32.473
468.16	32.032
468.42	31.429
468.68	31.596
468.94	32.279
469.21	32.450
469.47	32.364
469.73	31.618
469.99	32.008
470.26	32.773
470.52	32.031
470.78	31.723
471.04	32.394
471.31	32.799
471.57	32.507
471.83	31.652
472.10	32.013
472.36	32.264
472.62	31.554
472.88	31.423
473.15	31.527
473.41	31.983
473.67	32.304
473.93	31.780
474.20	31.890
474.46	32.064
474.72	32.331
474.98	31.729
475.25	31.372
475.51	31.432
475.77	32.101
476.03	32.003
476.30	31.959
476.56	32.216
476.82	31.499
477.08	31.228
477.34	31.719
477.61	31.773
477.87	31.542
478.13	31.593
478.39	32.240
478.66	32.417
478.92	31.881
479.18	31.952
479.44	31.322
479.71	31.293
479.97	31.212
480.23	31.274
480.49	31.245
480.76	31.473
481.02	31.306
481.28	31.333
481.54	31.004
481.80	31.652
482.07	31.159
482.33	31.292
482.59	31.827
482.85	31.586
483.12	31.281
483.38	31.091
483.64	31.292
483.90	30.946
484.16	30.824
484.43	31.223
484.69	30.787
484.95	31.194
485.21	31.364
485.48	31.626
485.74	31.483
486.00	31.292
486.26	31.159
486.52	31.269
486.79	31.229
487.05	30.993
487.31	31.263
487.57	31.104
487.83	30.959
488.10	31.288
488.36	30.936
488.62	30.798
488.88	31.381
489.14	31.170
489.41	31.255
489.67	30.800
489.93	31.108
490.19	31.002
490.45	31.244
490.72	31.061
490.98	30.458
491.24	30.831
491.50	31.051
491.76	30.822
492.03	30.960
492.29	30.862
492.55	31.078
492.81	31.008
493.07	31.116
493.34	31.297
493.60	31.127
493.86	31.040
494.12	30.958
494.38	30.971
494.65	30.872
494.91	31.136
495.17	30.689
495.43	30.630
495.69	31.159
495.95	30.689
496.22	30.413
496.48	31.038
496.74	31.187
497.00	30.819
497.26	30.542
497.53	30.700
497.79	30.769
498.05	30.523
498.31	30.261
498.57	30.458
498.83	30.973
499.10	31.100
499.36	31.025
499.62	30.623
499.88	30.580
500.14	30.582
500.40	30.571
500.67	30.532
500.93	31.000
501.19	30.875
501.45	30.629
501.71	30.714
501.97	30.308
502.24	30.062
502.50	30.238
502.76	30.495
503.02	30.429
503.28	30.634
503.54	30.832
503.81	31.033
504.07	30.747
504.33	30.711
504.59	30.542
504.85	30.280
505.11	30.738
505.37	30.859
505.64	30.599
505.90	30.548
506.16	30.557
506.42	30.218
506.68	30.675
506.94	30.757
507.20	30.556
507.47	30.979
507.73	30.780
507.99	30.601
508.25	30.621
508.51	30.298
508.77	30.026
509.03	30.382
509.30	30.370
509.56	30.301
509.82	30.564
510.08	30.517
510.34	30.536
510.60	30.903
510.86	30.865
511.13	30.753
511.39	30.762
511.65	30.382
511.91	30.289
512.17	30.657
512.43	30.292
512.69	30.410
512.95	30.051
513.22	30.189
513.48	29.976
513.74	29.927
514.00	30.682
514.26	30.842
514.52	30.765
514.78	30.554
515.04	30.588
515.31	30.222
515.57	30.321
515.83	30.297
516.09	29.951
516.35	30.413
516.61	30.541
516.87	30.255
517.13	30.505
517.40	30.461
517.66	30.514
517.92	30.207
518.18	29.753
518.44	30.454
518.70	30.721
518.96	30.318
519.22	30.108
519.48	30.544
519.75	30.414
520.01	30.283
520.27	30.997
520.53	30.963
520.79	30.466
521.05	30.810
521.31	30.606
521.57	30.083
521.83	29.959
522.09	30.144
522.36	30.652
522.62	30.516
522.88	30.079
523.14	30.052
523.40	30.177
523.66	30.323
523.92	30.467
524.18	30.407
524.44	30.331
524.70	30.520
524.96	30.204
525.23	29.595
525.49	29.998
525.75	30.133
526.01	30.552
526.27	30.094
526.53	30.155
526.79	30.567
527.05	30.138
527.31	29.990
527.57	30.040
527.83	29.950
528.09	30.230
528.36	29.993
528.62	29.508
528.88	30.203
529.14	30.229
529.40	30.428
529.66	30.322
529.92	30.271
530.18	30.366
530.44	30.108
530.70	30.374
530.96	30.312
531.22	30.196
531.48	29.843
531.74	29.761
532.00	29.746
532.27	29.642
532.53	30.064
532.79	30.311
533.05	30.103
533.31	29.724
533.57	29.671
533.83	29.998
534.09	29.421
534.35	29.571
534.61	30.115
534.87	30.214
535.13	29.774
535.39	30.019
535.65	30.025
535.91	30.173
536.17	30.058
536.43	30.726
536.70	30.612
536.96	29.688
537.22	30.054
537.48	30.075
537.74	30.064
538.00	29.804
538.26	29.835
538.52	30.200
538.78	30.068
539.04	29.299
539.30	29.476
539.56	29.695
539.82	29.526
540.08	29.891
540.34	29.808
540.60	29.838
540.86	29.530
541.12	29.505
541.38	29.871
541.64	29.902
541.90	29.992
542.16	30.194
542.42	29.915
542.68	29.773
542.94	29.784
543.21	29.989
543.47	30.143
543.73	30.390
543.99	30.073
544.25	29.904
544.51	29.770
544.77	29.522
545.03	29.851
545.29	29.825
545.55	29.692
545.81	29.962
546.07	29.696
546.33	29.858
546.59	29.544
546.85	29.762
547.11	29.816
547.37	30.199
547.63	29.815
547.89	29.397
548.15	29.691
548.41	29.952
548.67	29.964
548.93	29.966
549.19	29.787
549.45	29.642
549.71	29.275
549.97	29.835
550.23	30.171
550.49	29.828
550.75	29.597
551.01	29.598
551.27	29.340
551.53	29.401
551.79	29.429
552.05	29.310
552.31	29.590
552.57	29.661
552.83	29.708
553.09	29.673
553.35	29.734
553.61	29.978
553.87	30.078
554.13	29.822
554.39	29.307
554.65	29.661
554.91	29.420
555.17	29.304
555.43	29.493
555.69	29.729
555.95	30.007
556.21	29.967
556.47	29.959
556.73	30.017
556.99	29.887
557.25	29.421
557.51	29.394
557.77	29.712
558.03	30.235
558.29	30.828
558.55	30.064
558.81	29.777
559.07	30.140
559.33	29.453
559.59	28.936
559.85	29.349
560.11	29.204
560.37	29.010
560.62	28.909
560.88	29.480
561.14	29.602
561.40	29.302
561.66	29.209
561.92	29.088
562.18	28.949
562.44	29.286
562.70	29.306
562.96	29.577
563.22	29.372
563.48	29.402
563.74	29.224
564.00	29.384
564.26	29.907
564.52	29.480
564.78	29.851
565.04	29.736
565.30	29.758
565.56	29.626
565.82	29.672
566.08	29.227
566.34	29.823
566.60	29.535
566.86	29.147
567.11	29.442
567.37	29.504
567.63	29.221
567.89	29.395
568.15	29.973
568.41	29.465
568.67	29.406
568.93	29.150
569.19	28.848
569.45	28.584
569.71	28.796
569.97	29.000
570.23	29.091
570.49	29.088
570.75	29.066
571.01	29.091
571.27	29.096
571.52	28.924
571.78	28.661
572.04	28.924
572.30	29.071
572.56	28.827
572.82	29.132
573.08	29.017
573.34	28.859
573.60	28.833
573.86	28.650
574.12	28.570
574.38	28.847
574.64	29.048
574.90	29.002
575.15	28.941
575.41	28.722
575.67	28.955
575.93	29.127
576.19	29.028
576.45	28.959
576.71	28.930
576.97	28.467
577.23	28.369
577.49	28.310
577.75	28.358
578.01	28.376
578.26	28.544
578.52	28.721
578.78	28.928
579.04	28.795
579.30	28.819
579.56	28.675
579.82	28.841
580.08	29.066
580.34	28.526
580.60	27.811
580.86	27.809
581.11	28.427
581.37	28.668
581.63	28.843
581.89	28.996
582.15	28.728
582.41	28.938
582.67	29.000
582.93	28.930
583.19	28.704
583.45	28.879
583.70	28.907
583.96	28.778
584.22	28.464
584.48	28.429
584.74	28.602
585.00	28.345
585.26	28.546
585.52	28.741
585.78	28.671
586.03	28.578
586.29	28.434
586.55	28.632
586.81	28.607
587.07	28.305
587.33	28.833
587.59	28.851
587.85	28.789
588.11	28.798
588.36	28.845
588.62	28.718
588.88	28.957
589.14	28.908
589.40	28.957
589.66	28.961
589.92	29.105
590.18	28.972
590.43	28.892
590.69	29.013
590.95	28.906
591.21	28.910
591.47	28.674
591.73	28.543
591.99	28.404
592.24	28.279
592.50	28.575
592.76	28.266
593.02	28.252
593.28	28.385
593.54	28.658
593.80	28.455
594.06	28.457
594.31	28.760
594.57	28.761
594.83	28.490
595.09	28.848
595.35	29.186
595.61	29.353
595.87	29.199
596.12	28.937
596.38	28.796
596.64	28.719
596.90	28.655
597.16	28.664
597.42	28.621
597.67	28.623
597.93	28.198
598.19	28.167
598.45	28.017
598.71	28.303
598.97	28.569
599.23	28.510
599.48	28.653
599.74	28.597
600.00	28.640
600.26	28.682
600.52	28.729
600.78	28.667
601.03	28.840
601.29	28.889
601.55	28.829
601.81	28.984
602.07	28.770
602.33	28.816
602.58	28.817
602.84	28.462
603.10	28.619
603.36	28.687
603.62	28.578
603.88	28.682
604.13	28.294
604.39	28.450
604.65	28.469
604.91	28.531
605.17	28.313
605.42	28.252
605.68	28.270
605.94	28.340
606.20	28.253
606.46	28.293
606.72	28.431
606.97	28.297
607.23	28.042
607.49	28.338
607.75	28.566
608.01	28.817
608.26	28.625
608.52	28.845
608.78	28.907
609.04	28.864
609.30	28.845
609.55	29.010
609.81	28.778
610.07	28.685
610.33	28.683
610.59	28.781
610.84	28.887
611.10	28.894
611.36	28.698
611.62	28.600
611.88	28.842
612.13	28.691
612.39	28.355
612.65	28.694
612.91	28.800
613.17	28.481
613.42	28.256
613.68	28.607
613.94	28.467
614.20	28.358
614.46	28.554
614.71	28.383
614.97	28.239
615.23	28.528
615.49	28.715
615.75	29.010
616.00	28.861
616.26	28.665
616.52	28.789
616.78	28.984
617.03	28.955
617.29	29.095
617.55	28.883
617.81	28.521
618.07	28.909
618.32	28.917
618.58	28.705
618.84	28.874
619.10	28.722
619.35	28.796
619.61	28.519
619.87	28.415
620.13	28.873
620.39	29.214
620.64	29.147
620.90	28.766
621.16	28.812
621.42	28.580
621.67	28.791
621.93	28.822
622.19	29.064
622.45	28.698
622.70	28.738
622.96	29.026
623.22	28.802
623.48	29.042
623.73	29.069
623.99	29.175
624.25	28.930
624.51	28.910
624.77	28.965
625.02	29.253
625.28	28.964
625.54	29.011
625.80	29.484
626.05	29.254
626.31	28.934
626.57	28.785
626.83	28.633
627.08	28.453
627.34	28.924
627.60	29.189
627.85	29.128
628.11	29.338
628.37	29.054
628.63	28.818
628.88	29.091
629.14	28.636
629.40	28.819
629.66	28.977
629.91	28.950
630.17	29.321
630.43	29.457
630.69	29.414
630.94	29.308
631.20	29.529
631.46	29.351
631.72	29.464
631.97	29.780
632.23	29.873
632.49	29.334
632.74	29.620
633.00	29.284
633.26	29.391
633.52	29.497
633.77	29.651
634.03	29.420
634.29	28.964
634.55	29.435
634.80	29.080
635.06	29.532
635.32	29.801
635.57	29.557
635.83	29.472
636.09	29.139
636.35	29.139
636.60	28.788
636.86	28.857
637.12	29.378
637.37	29.352
637.63	29.197
637.89	29.311
638.15	29.386
638.40	29.609
638.66	29.336
638.92	29.420
639.17	29.564
639.43	30.001
639.69	29.787
639.94	29.938
640.20	29.467
640.46	29.345
640.72	29.369
640.97	29.622
641.23	29.685
641.49	29.803
641.74	29.446
642.00	29.501
642.26	29.321
642.51	29.219
642.77	29.695
643.03	29.489
643.28	29.363
643.54	29.325
643.80	29.233
644.06	29.332
644.31	29.850
644.57	29.695
644.83	29.439
645.08	29.672
645.34	29.567
645.60	29.438
645.85	29.702
646.11	29.523
646.37	29.419
646.62	29.212
646.88	29.253
647.14	29.016
647.39	29.044
647.65	29.087
647.91	28.997
648.16	28.618
648.42	28.754
648.68	28.764
648.93	28.985
649.19	29.171
649.45	28.728
649.70	28.797
649.96	29.149
650.22	29.311
650.47	29.107
650.73	29.636
650.99	29.315
651.24	29.061
651.50	28.880
651.76	29.270
652.01	29.381
652.27	29.427
652.53	29.157
652.78	29.073
653.04	29.366
653.30	28.808
653.55	28.988
653.81	29.087
654.07	29.369
654.32	29.338
654.58	29.312
654.84	29.335
655.09	28.513
655.35	27.564
655.61	27.050
655.86	27.092
656.12	28.001
656.38	28.574
656.63	28.481
656.89	28.918
657.14	28.979
657.40	29.228
657.66	29.251
657.91	29.238
658.17	29.337
658.43	29.326
658.68	29.436
658.94	29.340
659.20	29.234
659.45	29.381
659.71	29.252
659.96	29.362
660.22	29.728
660.48	29.711
660.73	29.571
660.99	29.191
661.25	29.231
661.50	29.408
661.76	29.210
662.01	29.299
662.27	29.335
662.53	29.664
662.78	29.688
663.04	29.345
663.30	29.516
663.55	29.301
663.81	29.556
664.06	29.137
664.32	29.276
664.58	29.264
664.83	28.952
665.09	28.908
665.35	29.321
665.60	29.590
665.86	29.366
666.11	29.427
666.37	29.786
666.63	29.907
666.88	29.670
667.14	29.306
667.39	29.380
667.65	29.453
667.91	29.019
668.16	29.049
668.42	29.414
668.67	29.608
668.93	29.372
669.19	29.079
669.44	29.305
669.70	29.384
669.95	29.289
670.21	29.208
670.47	29.571
670.72	29.624
670.98	29.254
671.23	29.191
671.49	29.056
671.75	28.647
672.00	28.871
672.26	29.195
672.51	28.991
672.77	28.683
673.03	28.845
673.28	29.079
673.54	29.517
673.79	29.465
674.05	29.361
674.30	29.170
674.56	29.079
674.82	29.186
675.07	29.104
675.33	29.548
675.58	29.818
675.84	29.396
676.09	29.160
676.35	29.259
676.61	29.194
676.86	28.807
677.12	28.973
677.37	29.201
677.63	29.355
677.88	29.097
678.14	28.986
678.40	29.118
678.65	29.213
678.91	29.195
679.16	29.333
679.42	29.100
679.67	28.903
679.93	28.807
680.19	28.997
680.44	29.338
680.70	29.414
680.95	29.605
681.21	29.373
681.46	28.992
681.72	28.703
681.97	28.858
682.23	29.066
682.49	29.267
682.74	29.291
683.00	29.447
683.25	29.111
683.51	28.724
683.76	28.796
684.02	28.639
684.27	28.784
684.53	28.916
684.78	28.741
685.04	28.487
685.30	28.784
685.55	28.929
685.81	28.865
686.06	28.905
686.32	29.005
686.57	29.052
686.83	29.057
687.08	29.240
687.34	29.411
687.59	29.139
687.85	29.015
688.10	29.031
688.36	28.612
688.62	29.030
688.87	29.401
689.13	29.468
689.38	29.044
689.64	28.991
689.89	28.612
690.15	28.739
690.40	28.813
690.66	29.084
690.91	29.176
691.17	28.819
691.42	28.528
691.68	28.624
691.93	29.036
692.19	29.187
692.44	29.106
692.70	28.699
692.95	29.075
693.21	29.224
693.46	28.834
693.72	28.908
693.97	29.081
694.23	28.969
694.49	29.456
694.74	29.754
695.00	29.679
695.25	29.055
695.51	28.197
695.76	28.295
696.02	29.163
696.27	29.436
696.53	28.845
696.78	28.838
697.04	28.802
697.29	28.441
697.55	28.335
697.80	28.907
698.06	29.245
698.31	29.111
698.57	29.196
698.82	29.183
699.08	29.314
699.33	29.187
699.59	29.186
699.84	29.218
700.09	28.969
700.35	28.983
700.60	28.986
700.86	29.113
701.11	29.300
701.37	29.221
701.62	29.079
701.88	29.213
702.13	29.000
702.39	28.370
702.64	28.749
702.90	28.774
703.15	28.950
703.41	28.963
703.66	29.038
703.92	28.908
704.17	29.167
704.43	28.941
704.68	29.190
704.94	29.583
705.19	29.769
705.45	29.780
705.70	29.425
705.95	29.169
706.21	28.969
706.46	28.580
706.72	28.696
706.97	28.488
707.23	28.440
707.48	28.475
707.74	28.493
707.99	28.701
708.25	28.660
708.50	28.832
708.76	29.207
709.01	29.573
709.27	29.534
709.52	29.543
709.77	29.246
710.03	28.980
710.28	29.061
710.54	28.957
710.79	28.726
711.05	29.106
711.30	28.929
711.56	29.289
711.81	29.058
712.06	29.203
712.32	29.362
712.57	28.903
712.83	28.708
713.08	28.661
713.34	28.824
713.59	29.245
713.85	29.021
714.10	28.510
714.35	28.632
714.61	28.551
714.86	28.966
715.12	28.667
715.37	28.999
715.63	28.876
715.88	28.727
716.13	29.522
716.39	29.265
716.64	29.293
716.90	29.325
717.15	29.420
717.41	29.239
717.66	28.888
717.91	29.053
718.17	29.136
718.42	29.211
718.68	29.198
718.93	29.321
719.19	29.066
719.44	28.931
719.69	28.984
719.95	28.952
720.20	29.185
720.46	29.459
720.71	29.210
720.97	29.229
721.22	29.010
721.47	29.170
721.73	29.026
721.98	29.026
722.24	29.276
722.49	29.149
722.74	29.042
723.00	29.200
723.25	29.280
723.51	29.307
723.76	29.742
724.01	29.459
724.27	29.152
724.52	28.979
724.78	29.115
725.03	28.917
725.28	28.951
725.54	29.093
725.79	29.041
726.05	28.967
726.30	28.662
726.55	28.904
726.81	29.132
727.06	29.104
727.32	29.336
727.57	29.241
727.82	29.120
728.08	29.086
728.33	29.137
728.59	29.177
728.84	29.237
729.09	29.332
729.35	29.222
729.60	28.709
729.85	28.935
730.11	29.326
730.36	29.231
730.62	29.123
730.87	28.719
731.12	28.458
731.38	28.292
731.63	28.550
731.88	29.220
732.14	29.118
732.39	29.109
732.65	29.116
732.90	28.612
733.15	28.678
733.41	28.970
733.66	28.852
733.91	28.743
734.17	28.571
734.42	28.638
734.68	28.563
734.93	28.870
735.18	29.298
735.44	28.843
735.69	28.832
735.94	28.732
736.20	28.758
736.45	28.943
736.70	29.336
736.96	29.068
737.21	29.116
737.46	28.896
737.72	28.988
737.97	29.009
738.23	28.811
738.48	28.762
738.73	29.070
738.99	28.847
739.24	28.362
739.49	28.443
739.75	28.834
740.00	28.913
740.25	29.039
740.51	29.033
740.76	29.595
741.01	29.375
741.27	28.993
741.52	29.338
741.77	29.422
742.03	29.717
742.28	29.420
742.53	29.360
742.79	29.081
743.04	29.253
743.29	29.300
743.55	29.175
743.80	29.596
744.05	29.312
744.31	29.219
744.56	29.185
744.81	29.358
745.07	29.387
745.32	29.426
745.57	29.690
745.83	29.340
746.08	29.258
746.33	29.543
746.59	29.741
746.84	29.815
747.09	29.688
747.35	29.680
747.60	29.689
747.85	29.729
748.10	29.790
748.36	29.307
748.61	29.110
748.86	29.515
749.12	29.289
749.37	29.079
749.62	28.700
749.88	29.092
750.13	28.883
750.38	28.839
750.64	28.724
750.89	29.101
751.14	29.293
751.39	29.421
751.65	29.559
751.90	29.746
752.15	29.526
752.41	28.973
752.66	29.102
752.91	29.371
753.17	29.304
753.42	29.414
753.67	29.152
753.92	29.242
754.18	29.349
754.43	29.381
754.68	29.375
754.94	29.581
755.19	29.539
755.44	29.119
755.69	29.214
755.95	29.433
756.20	29.512
756.45	29.212
756.71	29.178
756.96	28.875
757.21	28.618
757.46	28.577
757.72	28.492
757.97	28.746
758.22	28.782
758.48	28.644
758.73	28.893
758.98	29.383
759.23	29.202
759.49	28.993
759.74	28.758
759.99	28.843
760.25	29.290
760.50	29.426
760.75	29.251
761.00	29.205
761.26	29.074
761.51	28.998
761.76	29.181
762.01	29.248
762.27	29.067
762.52	29.170
762.77	29.431
763.02	29.218
763.28	29.052
763.53	29.154
763.78	29.073
764.03	29.035
764.29	28.832
764.54	28.818
764.79	29.023
765.04	28.873
765.30	29.032
765.55	28.797
765.80	28.858
766.05	29.396
766.31	29.446
766.56	29.519
766.81	29.772
767.06	29.336
767.32	29.212
767.57	28.923
767.82	29.404
768.07	29.791
768.33	29.146
768.58	28.820
768.83	28.939
769.08	28.979
769.34	29.161
769.59	29.042
769.84	29.510
770.09	29.790
770.35	29.541
770.60	29.144
770.85	29.389
771.10	29.078
771.35	29.378
771.61	29.476
771.86	29.581
772.11	29.521
772.36	29.570
772.62	29.398
772.87	29.573
773.12	29.558
773.37	29.908
773.62	29.788
773.88	29.813
774.13	30.042
774.38	29.403
774.63	29.478
774.89	29.565
775.14	29.652
775.39	29.755
775.64	29.164
775.89	29.520
776.15	29.670
776.40	29.596
776.65	29.453
776.90	29.474
777.15	29.688
777.41	29.387
777.66	29.299
777.91	29.709
778.16	29.754
778.41	29.718
778.67	29.712
778.92	29.588
779.17	29.618
779.42	29.670
779.67	29.785
779.93	29.957
780.18	30.305
780.43	30.257
780.68	29.641
780.93	29.587
781.19	29.647
781.44	29.159
781.69	29.317
781.94	29.571
782.19	29.806
782.45	29.753
782.70	29.874
782.95	29.540
783.20	29.475
783.45	29.188
783.70	29.223
783.96	29.160
784.21	29.469
784.46	29.409
784.71	29.100
784.96	29.672
785.22	29.922
785.47	29.953
785.72	29.463
785.97	29.660
786.22	29.473
786.47	28.886
786.73	29.116
786.98	29.428
787.23	29.631
787.48	29.927
787.73	29.432
787.98	29.530
788.24	29.601
788.49	28.936
788.74	28.706
788.99	29.024
789.24	29.723
789.49	29.615
789.75	29.783
790.00	29.788
790.25	29.511
790.50	29.489
790.75	29.408
791.00	29.551
791.26	29.532
791.51	28.939
791.76	28.805
792.01	29.467
792.26	29.396
792.51	29.648
792.76	29.565
793.02	29.351
793.27	29.323
793.52	29.153
793.77	29.085
794.02	29.207
794.27	28.616
794.52	28.536
794.78	29.125
795.03	29.062
795.28	29.306
795.53	29.166
795.78	29.121
796.03	28.989
796.28	29.479
796.54	30.160
796.79	30.209
797.04	29.956
797.29	30.215
797.54	29.953
797.79	29.468
798.04	28.824
798.29	29.114
798.55	29.688
798.80	29.408
799.05	29.459
799.30	29.362
799.55	29.855
799.80	29.713
800.05	29.143
800.30	29.400
800.56	29.393
800.81	29.678
801.06	29.607
801.31	30.030
801.56	29.587
801.81	29.782
802.06	29.847
802.31	29.863
802.56	29.577
802.82	29.496
803.07	29.622
803.32	29.644
803.57	29.724
803.82	29.744
804.07	29.775
804.32	29.912
804.57	30.139
804.82	30.171
805.07	29.863
805.33	30.256
805.58	30.295
805.83	29.899
806.08	29.901
806.33	29.568
806.58	29.219
806.83	29.402
807.08	28.991
807.33	29.723
807.58	29.667
807.84	29.499
808.09	29.405
808.34	29.725
808.59	29.380
808.84	29.841
809.09	29.926
809.34	29.822
809.59	30.103
809.84	29.917
810.09	29.852
810.34	29.621
810.59	29.967
810.85	29.954
811.10	29.963
811.35	29.871
811.60	29.738
811.85	29.389
812.10	29.561
812.35	30.186
812.60	29.833
812.85	29.806
813.10	29.432
813.35	29.707
813.60	29.251
813.85	29.332
814.10	29.344
814.36	29.370
814.61	29.616
814.86	29.825
815.11	29.533
815.36	29.583
815.61	29.358
815.86	29.994
816.11	30.157
816.36	30.167
816.61	29.948
816.86	29.176
817.11	29.583
817.36	29.734
817.61	29.312
817.86	29.871
818.11	30.231
818.36	30.340
818.62	29.804
818.87	29.699
819.12	29.128
819.37	29.400
819.62	29.668
819.87	30.031
820.12	29.796
820.37	29.423
820.62	29.207
820.87	29.245
821.12	28.968
821.37	29.472
821.62	30.218
821.87	29.785
822.12	29.959
822.37	29.755
822.62	29.490
822.87	29.532
823.12	29.564
823.37	29.807
823.62	29.461
823.87	29.833
824.12	29.657
824.37	29.090
824.62	29.442
824.87	30.061
825.12	29.671
825.37	29.712
825.63	29.096
825.88	28.829
826.13	29.480
826.38	29.480
826.63	29.209
826.88	29.657
827.13	29.536
827.38	29.334
827.63	29.132
827.88	28.822
828.13	28.955
828.38	29.980
828.63	30.237
828.88	29.707
829.13	29.719
829.38	30.077
829.63	29.187
829.88	29.346
830.13	30.064
830.38	30.126
830.63	29.561
830.88	29.670
831.13	29.998
831.38	30.400
831.63	29.624
831.88	29.183
832.13	29.858
832.38	29.996
832.63	29.619
832.88	29.019
833.13	29.462
833.38	29.687
833.63	29.272
833.88	29.698
834.13	29.825
834.38	30.022
834.63	29.428
834.88	29.567
835.13	30.033
835.38	29.519
835.63	29.221
835.88	28.940
836.13	29.329
836.38	29.455
836.63	29.636
836.88	30.082
837.12	30.015
837.37	29.705
837.62	29.203
837.87	29.516
838.12	29.937
838.37	30.401
838.62	30.084
838.87	29.772
839.12	29.371
839.37	29.694
839.62	29.732
839.87	29.459
840.12	29.592
840.37	30.225
840.62	29.644
840.87	29.320
841.12	29.546
841.37	29.720
841.62	29.591
841.87	29.439
842.12	29.642
842.37	29.628
842.62	29.334
842.87	29.674
843.12	29.827
843.37	30.099
843.62	29.935
843.87	30.354
844.11	30.256
844.36	29.832
844.61	29.254
844.86	29.502
845.11	29.763
845.36	29.876
845.61	30.032
845.86	29.368
846.11	29.163
846.36	28.912
846.61	29.256
846.86	29.389
847.11	29.573
847.36	29.889
847.61	29.689
847.86	29.314
848.11	29.692
848.35	29.388
848.60	28.982
848.85	28.892
849.10	29.257
849.35	29.651
849.60	29.737
849.85	29.762
850.10	29.465
850.35	29.502
850.60	29.326
850.85	29.408
851.10	29.114
851.35	28.907
851.60	29.081
851.84	29.489
852.09	29.431
852.34	29.624
852.59	29.855
852.84	28.880
853.09	28.965
853.34	29.292
853.59	29.600
853.84	29.379
854.09	29.524
854.34	29.992
854.59	29.751
854.83	29.554
855.08	29.289
855.33	28.940
855.58	29.439
855.83	29.207
856.08	28.963
856.33	29.763
856.58	29.551
856.83	29.096
857.08	28.753
857.32	29.458
857.57	30.076
857.82	29.357
858.07	29.143
858.32	29.717
858.57	29.464
858.82	29.431
859.07	29.306
859.32	29.150
859.56	29.134
859.81	29.169
860.06	29.950
860.31	29.957
860.56	29.439
860.81	29.105
861.06	29.046
861.31	29.400
861.56	29.416
861.80	28.971
862.05	29.219
862.30	29.121
862.55	30.057
862.80	29.321
863.05	28.907
863.30	29.298
863.55	29.948
863.79	29.771
864.04	28.889
864.29	28.764
864.54	27.909
864.79	28.810
865.04	29.315
865.29	29.451
865.54	29.195
865.78	28.737
866.03	28.316
866.28	29.343
866.53	29.479
866.78	28.779
867.03	28.483
867.28	28.815
867.52	28.824
867.77	28.775
868.02	28.655
868.27	28.552
868.52	29.099
868.77	28.532
869.02	28.931
869.26	28.526
869.51	28.954
869.76	28.999
870.01	29.467
870.26	28.930
870.51	29.406
870.76	29.088
871.00	29.099
871.25	29.256
871.50	29.090
871.75	28.931
872.00	28.908
872.25	29.426
872.49	28.904
872.74	29.077
872.99	29.401
873.24	28.989
873.49	28.651
873.74	29.136
873.98	29.595
874.23	29.584
874.48	28.893
874.73	29.082
874.98	28.884
875.23	28.891
875.47	29.428
875.72	28.870
875.97	28.668
876.22	28.995
876.47	28.652
876.72	28.552
876.96	27.806
877.21	28.011
877.46	28.764
877.71	28.541
877.96	28.855
878.20	29.012
878.45	29.141
878.70	28.338
878.95	29.195
879.20	29.590
879.45	28.399
879.69	28.398
879.94	28.678
880.19	28.460
880.44	28.957
880.69	28.571
880.93	28.822
881.18	29.160
881.43	29.005
881.68	29.123
881.93	29.235
882.17	28.729
882.42	28.635
882.67	28.355
882.92	28.754
883.17	29.489
883.41	28.482
883.66	28.876
883.91	29.050
884.16	29.135
884.41	28.688
884.65	28.456
884.90	28.331
885.15	28.189
885.40	28.472
885.64	28.517
885.89	29.108
886.14	29.280
886.39	28.742
886.64	28.401
886.88	29.340
887.13	29.409
887.38	28.978
887.63	28.666
887.88	28.661
888.12	28.592
888.37	29.009
888.62	29.084
888.87	29.042
889.11	28.867
889.36	28.593
889.61	28.769
889.86	28.388
890.10	27.779
890.35	28.191
890.60	28.085
890.85	28.815
891.10	28.315
891.34	28.302
891.59	28.552
891.84	28.641
892.09	28.494
892.33	29.045
892.58	28.845
892.83	28.791
893.08	28.617
893.32	28.096
893.57	28.780
893.82	28.569
894.07	28.818
894.31	29.062
894.56	28.464
894.81	28.185
895.06	29.017
895.30	28.653
895.55	27.816
895.80	28.221
896.05	28.633
896.29	28.552
896.54	28.273
896.79	28.238
897.04	28.376
897.28	27.974
897.53	28.623
897.78	28.776
898.03	28.999
898.27	29.102
898.52	28.932
898.77	28.826
899.01	28.146
899.26	28.561
899.51	29.079
899.76	29.106
900.00	29.005
900.25	28.717
900.50	28.458
900.75	28.529
900.99	29.061
901.24	29.587
901.49	29.021
901.73	27.845
901.98	27.968
902.23	28.297
902.48	27.633
902.72	28.547
902.97	29.208
903.22	28.862
903.47	28.141
903.71	28.519
903.96	27.435
904.21	28.440
904.45	28.953
904.70	28.151
904.95	27.966
905.20	27.856
905.44	28.499
905.69	28.708
905.94	28.910
906.18	28.557
906.43	28.563
906.68	29.197
906.92	29.521
907.17	28.958
907.42	28.933
907.67	27.703
907.91	28.607
908.16	27.966
908.41	28.245
908.65	28.283
908.90	28.679
909.15	27.705
909.39	27.987
909.64	29.420
909.89	28.305
910.13	27.927
910.38	27.896
910.63	28.618
910.88	28.733
911.12	29.195
911.37	29.398
911.62	29.514
911.86	28.797
912.11	27.774
912.36	28.381
912.60	28.288
912.85	29.414
913.10	29.031
913.34	27.157
913.59	27.474
913.84	28.207
914.08	27.813
914.33	28.420
914.58	28.945
914.82	28.740
915.07	28.277
915.32	29.354
915.56	29.487
915.81	28.205
916.06	28.595
916.30	27.641
916.55	27.802
916.80	27.158
917.04	28.296
917.29	27.891
917.54	27.848
917.78	28.537
918.03	28.130
918.28	27.672
918.52	28.226
918.77	28.055
919.02	27.810
919.26	28.332
919.51	28.099
919.76	27.996
920.00	28.443
920.25	27.483
920.49	27.167
920.74	27.974
920.99	28.171
921.23	26.730
921.48	28.595
921.73	28.147
921.97	27.337
922.22	28.013
922.47	28.237
922.71	29.167
922.96	28.004
923.21	27.394
923.45	27.337
923.70	28.300
923.94	28.544
924.19	29.176
924.44	28.575
924.68	28.305
924.93	27.944
925.18	28.506
925.42	28.229
925.67	28.995
925.91	30.641
926.16	28.185
926.41	28.859
926.65	29.134
926.90	29.359
927.15	28.309
927.39	28.779
927.64	29.863
927.88	29.519
928.13	28.113
928.38	28.032
928.62	27.929
928.87	26.477
929.11	27.502
929.36	27.766
929.61	29.362
929.85	29.331
930.10	29.076
930.34	27.992
930.59	28.968
930.84	28.585
931.08	28.075
931.33	29.624
931.57	30.948
931.82	30.214
932.07	29.873
932.31	28.476
932.56	28.640
932.80	28.586
933.05	28.103
933.30	28.652
933.54	28.124
933.79	27.506
934.03	27.786
934.28	28.863
934.53	29.553
934.77	29.439
935.02	28.468
935.26	28.852
935.51	30.008
935.76	29.758
936.00	27.773
936.25	28.024
936.49	29.990
936.74	31.437
936.98	28.272
937.23	27.345
937.48	29.324
937.72	31.472
937.97	29.304
938.21	27.875
938.46	28.883
938.70	28.811
938.95	28.522
939.20	27.670
939.44	30.131
939.69	28.605
939.93	28.050
940.18	31.157
940.42	33.249
940.67	33.504
940.92	29.913
941.16	27.203
941.41	32.334
941.65	31.656
941.90	30.486
942.14	32.994
942.39	35.392
942.63	30.739
942.88	29.200
943.13	30.558
943.37	27.888
943.62	29.211
943.86	31.151
944.11	29.652
944.35	29.846
944.60	31.013
944.84	30.113
945.09	36.718
945.34	35.992
945.58	31.996
945.83	29.192
946.07	31.452
946.32	33.706
946.56	34.036
946.81	29.236
947.05	28.940
947.30	29.980
947.54	32.274
947.79	29.779
948.03	30.814
948.28	32.932
948.53	31.766
948.77	32.422
949.02	30.081
949.26	34.720
949.51	34.527
949.75	32.644
950.00	32.392
950.24	35.035
950.49	32.299
950.73	29.811
950.98	31.419
951.22	31.421
951.47	28.133
951.71	27.635
951.96	26.938
952.20	32.984
952.45	31.567
952.69	28.262
952.94	29.993
953.18	34.097
953.43	32.520
953.67	31.122
953.92	29.611
954.16	29.740
954.41	28.442
954.65	29.095
954.90	29.317
955.14	29.527
955.39	29.963
955.63	30.638
955.88	29.161
956.12	27.609
956.37	28.967
956.61	28.640
956.86	29.850
957.10	32.205
957.35	31.809
957.59	33.939
957.84	32.585
958.08	28.432
958.33	29.158
958.57	28.428
958.82	29.689
959.06	30.585
959.31	29.795
959.55	27.896
959.80	30.000
960.04	31.381
960.29	30.092
960.53	28.133
960.78	27.339
961.02	28.109
961.27	31.582
961.51	30.212
961.76	30.868
962.00	32.198
962.25	32.118
962.49	29.389
962.74	30.338
962.98	30.000
963.23	27.727
963.47	31.806
963.71	31.021
963.96	30.608
964.20	30.883
964.45	30.173
964.69	29.464
964.94	30.253
965.18	29.936
965.43	28.490
965.67	29.707
965.92	28.617
966.16	28.398
966.41	26.696
966.65	26.587
966.89	31.485
967.14	30.368
967.38	26.649
967.63	27.360
967.87	29.916
968.12	27.425
968.36	27.147
968.61	28.499
968.85	31.512
969.10	31.668
969.34	30.167
969.58	29.498
969.83	30.789
970.07	29.341
970.32	27.477
970.56	28.668
970.81	29.242
971.05	30.847
971.29	29.773
971.54	29.431
971.78	29.555
972.03	30.191
972.27	29.579
972.52	29.857
972.76	29.630
973.00	28.280
973.25	29.893
973.49	25.913
973.74	28.131
973.98	31.060
974.23	28.815
974.47	28.938
974.71	33.198
974.96	32.636
975.20	30.728
975.45	30.256
975.69	29.823
975.94	27.801
976.18	28.716
976.42	29.329
976.67	31.853
976.91	29.627
977.16	30.014
977.40	29.745
977.64	28.881
977.89	28.466
978.13	26.025
978.38	27.085
978.62	28.773
978.86	30.049
979.11	29.449
979.35	31.327
979.60	32.396
979.84	26.015
980.08	27.082
980.33	26.957
980.57	28.356
980.82	27.441
981.06	29.416
981.30	30.809
981.55	32.630
981.79	35.202
982.04	32.829
982.28	29.906
982.52	30.746
982.77	29.823
983.01	26.656
983.26	29.261
983.50	27.259
983.74	29.294
983.99	27.752
984.23	28.743
984.48	29.126
984.72	27.660
984.96	26.357
985.21	26.754
985.45	30.813
985.69	29.421
985.94	28.044
986.18	28.387
986.43	29.825
986.67	30.246
986.91	27.742
987.16	26.803
987.40	28.698
987.64	27.824
987.89	28.698
988.13	26.076
988.37	29.280
988.62	30.490
988.86	28.571
989.11	26.591
989.35	30.692
989.59	30.504
989.84	33.531
990.08	31.894
990.32	29.205
990.57	31.501
990.81	31.765
991.05	29.793
991.30	32.703
991.54	28.198
991.78	25.769
992.03	29.231
992.27	31.685
992.51	28.995
992.76	24.685
993.00	30.797
993.25	34.973
993.49	31.193
993.73	33.118
993.98	26.952
994.22	31.022
994.46	31.445
994.71	29.091
994.95	28.852
995.19	30.706
995.44	30.840
995.68	26.517
995.92	25.047
996.17	30.019
996.41	28.107
996.65	29.880
996.90	35.660
997.14	33.048
997.38	28.825
997.63	29.304
997.87	31.202
998.11	34.303
998.36	31.126
998.60	26.799
998.84	28.233
999.08	31.213
999.33	30.870
999.57	30.769
999.81	33.089
1000.06	34.475
1000.30	36.421
1000.54	25.720
1000.79	26.423
1001.03	28.205
1001.27	30.579
1001.52	31.585
1001.76	25.439
1002.00	25.276
1002.25	28.877
1002.49	28.115
1002.73	28.344
1002.97	30.278
1003.22	30.244
1003.46	28.277
1003.70	25.084
1003.95	26.328
1004.19	29.252
1004.43	28.527
1004.68	33.956
1004.92	30.359
1005.16	30.143
1005.40	31.562
1005.65	30.875
1005.89	33.746
1006.13	28.466
1006.38	26.144
1006.62	29.305
1006.86	31.317
1007.10	30.316
1007.35	27.765
1007.59	31.401
1007.83	30.287
1008.08	31.156
1008.32	29.594
1008.56	28.708
1008.80	30.704
1009.05	34.235
1009.29	27.872
1009.53	29.102
1009.77	28.690
1010.02	31.735
1010.26	30.873
1010.50	26.872
1010.75	31.250
1010.99	31.649
1011.23	26.674
1011.47	31.315
1011.72	29.075
1011.96	29.586
1012.20	25.530
1012.44	31.185
1012.69	33.620
1012.93	26.986
1013.17	29.826
1013.41	26.362
1013.66	29.596
1013.90	30.503
1014.14	28.224
1014.38	31.243
1014.63	32.127
1014.87	28.637
1015.11	27.434
1015.35	31.314
1015.60	31.425
1015.84	30.529
1016.08	25.088
1016.32	24.702
1016.57	36.695
1016.81	32.099
1017.05	29.084
1017.29	30.627
1017.54	32.000
1017.78	29.896
1018.02	26.252
1018.26	29.253
1018.51	33.912
1018.75	31.496
1018.99	30.946
1019.23	29.865
1019.48	26.853
1019.72	28.610
1019.96	28.972
1020.20	34.865
1020.44	40.890
1020.69	30.388
1020.93	30.172
1021.17	32.518
1021.41	31.918
1021.66	29.803
1021.90	30.511
1022.14	28.919
1022.38	38.897
1022.62	35.815
1022.87	26.707
1023.11	23.701
1023.35	31.918
1023.59	30.251
1023.84	26.786
1024.08	27.700
1024.32	30.979
1024.56	35.324
1024.80	24.227
1025.05	33.717
1025.29	29.123
1025.53	26.667
1025.77	26.667
1026.01	33.109
1026.26	42.928
1026.50	40.224
1026.74	35.516
1026.98	33.054
1027.22	39.655
1027.47	38.255
1027.71	29.897
1027.95	32.653
1028.19	38.462
1028.43	40.103
1028.68	29.434
1028.92	27.821
1029.16	30.769
1029.40	29.072
1029.64	27.193
1029.89	36.709
1030.13	41.860
1030.37	37.143
1030.61	38.124
1030.85	33.333
1031.09	36.345
1031.34	29.630
1031.58	35.054
1031.82	38.289
1032.06	28.719
1032.30	30.128
1032.55	28.879
1032.79	34.274
1033.03	39.588
1033.27	36.957
1033.51	22.616
1033.75	31.347
1034.00	38.581
1034.24	40.512
1034.48	37.961
1034.72	30.889
1034.96	34.279
1035.20	27.619
1035.45	22.705
1035.69	40.758
1035.93	47.482
1036.17	29.707
1036.41	28.873
1036.65	47.031
1036.89	41.235
1037.14	35.068
1037.38	35.040
1037.62	31.905
1037.86	32.192
1038.10	30.804
1038.34	27.512
1038.59	24.627
1038.83	38.372
1039.07	33.584
1039.31	20.354
1039.55	33.514
1039.79	37.192
1040.03	44.419
1040.28	33.413
1040.52	38.642
1040.76	35.989
1041.00	40.000
1041.24	33.243
1041.48	37.368
1041.72	45.867
1041.97	38.924
1042.21	30.108
1042.45	24.796
1042.69	33.241
1042.93	34.304
1043.17	28.571
1043.41	28.488
1043.65	27.933
1043.90	32.602
1044.14	21.003
1044.38	35.463
1044.62	39.510
1044.86	46.377
1045.10	44.482
1045.34	37.954
1045.58	44.051
1045.83	42.088
1046.07	30.449
1046.31	45.329
1046.55	45.734
1046.79	28.832
1047.03	23.103
1047.27	31.119
1047.51	51.481
1047.75	46.203
1048.00	32.890
1048.24	36.765
1048.48	41.270
1048.72	39.667
1048.96	32.857
1049.20	26.953
1049.44	41.613
1049.68	29.771
1049.92	36.882
1050.16	43.522
1050.41	56.923
1050.65	54.605
1050.89	30.657
1051.13	31.655
1051.37	42.071
1051.61	41.577
1051.85	42.667
1052.09	33.677
1052.33	40.493
1052.57	49.814
1052.81	39.827
1053.06	58.519
1053.30	45.600
1053.54	36.522
1053.78	27.731
1054.02	21.344
1054.26	40.909
1054.50	52.727
1054.74	53.282
1054.98	39.381
1055.22	45.024
1055.46	54.959
1055.70	48.018
1055.94	41.455
1056.19	56.838
1056.43	55.208
1056.67	37.443
1056.91	30.288
1057.15	61.574
1057.39	38.723
1057.63	31.154
1057.87	29.545
1058.11	43.750
1058.35	37.278
1058.59	31.383
1058.83	41.948
1059.07	54.687
1059.31	58.768
1059.55	47.337
1059.79	59.722
1060.04	62.130
1060.28	79.070
1060.52	52.941
1060.76	49.296
1061.00	61.991
1061.24	43.750
1061.48	20.395
1061.72	42.157
1061.96	42.289
1062.20	50.259
1062.44	42.786
1062.68	54.023
1062.92	45.263
1063.16	47.556
1063.40	43.333
1063.64	57.803
1063.88	48.571
1064.12	48.101
1064.36	33.140
1064.60	46.629
1064.84	63.978
1065.08	68.182
1065.32	42.857
1065.57	43.846
1065.81	92.025
1066.05	57.843
1066.29	48.276
1066.53	59.016
1066.77	65.746
1067.01	38.674
1067.25	13.253
1067.49	41.111
1067.73	85.864
1067.97	58.125
1068.21	53.676
1068.45	83.206
1068.69	86.239
1068.93	69.672
1069.17	35.294
1069.41	46.988
1069.65	35.602
1069.89	33.333
1070.13	42.857
1070.37	70.492
1070.61	69.512
1070.85	70.202
1071.09	45.562
1071.33	51.587
1071.57	73.832
1071.81	86.400
1072.05	82.000
1072.29	65.873
1072.53	86.592
1072.77	83.537
1073.01	25.641
1073.25	37.419
1073.49	63.842
1073.73	66.165
1073.97	50.769
1074.21	68.421
1074.45	81.429
1074.69	53.226
1074.93	50.000
1075.17	68.085
1075.41	84.091
1075.65	95.283
1075.89	42.857
1076.13	52.941
1076.37	97.260
1076.61	75.676
1076.85	58.915
1077.09	65.217
1077.33	82.759
1077.57	63.964
1077.81	82.353
1078.05	91.071
1078.29	72.269
1078.53	77.500
1078.77	67.969
1079.01	83.333
1079.24	92.000
1079.48	142.424
1079.72	70.732
1079.96	75.000
1080.20	100.000
1080.44	92.381
1080.68	106.410
1080.92	100.000
1081.16	65.591
1081.40	50.000
1081.64	62.887
1081.88	68.657
1082.12	98.291
1082.36	102.727
1082.60	72.340
1082.84	35.955
1083.08	81.905
1083.32	112.281
1083.56	94.915
1083.80	84.615
1084.04	242.373
1084.28	122.078
1084.52	106.250
1084.75	129.091
1084.99	115.000
1085.23	227.273
1085.47	50.704
1085.71	127.500
1085.95	207.843
1086.19	96.491
1086.43	56.881
1086.67	33.673
1086.91	85.294
1087.15	128.261
1087.39	90.323
1087.63	115.493
1087.87	189.655
1088.11	725.000
1088.35	160.000
1088.58	145.000
1088.82	208.571
1089.06	119.643
1089.30	73.810
1089.54	57.471
1089.78	109.184
1090.02	203.774
1090.26	174.194
1090.50	93.590
1090.74	138.462
1090.98	80.851
1091.22	21.053
1091.46	118.750
1091.69	157.447
1091.93	66.000
1092.17	57.143
1092.41	61.111
1092.65	112.329
1092.89	58.824
1093.13	54.167
1093.37	28.947
1093.61	164.706
1093.85	80.000
1094.09	114.286
1094.32	240.909
1094.56	211.364
1094.80	210.000
1095.04	1066.667
1095.28	91.667
1095.52	190.000
1095.76	245.946
1096.00	59.375
1096.24	46.154
1096.47	242.857
1096.71	255.556
1096.95	-83.333
1097.19	560.000
1097.43	102.941
1097.67	84.615
1097.91	109.375
1098.15	0.000
1098.39	445.455
1098.62	217.391
1098.86	155.556
1099.10	333.333
1099.34	233.333
1099.58	262.963
1099.82	533.333
1100.06	90.476
1100.30	253.846
1100.53	103.333
1100.77	143.333
1101.01	231.818
1101.25	68.254
1101.49	92.308
1101.73	-1250.000
1101.97	687.500
1102.21	373.684
1102.44	129.412
1102.68	-340.000
1102.92	180.556
1103.16	147.761
1103.40	188.889
1103.64	236.667
1103.88	-185.000
1104.11	580.000
1104.35	811.111
1104.59	400.000
1104.83	-30.952
1105.07	2050.000
1105.31	430.000
1105.55	194.444
1105.78	69.620
1106.02	41.667
1106.26	-169.231
1106.50	-118.750
1106.74	1085.714
1106.98	-576.923
1107.22	-145.833
1107.45	240.000
1107.69	88.000
1107.93	87.719
1108.17	128.571
1108.41	110.811
1108.65	126.923
1108.88	31.579
1109.12	1100.000
1109.36	625.000
1109.60	-107.692
1109.84	1000.000
1110.08	213.636
1110.31	132.432
1110.55	344.444
1110.79	212.766
1111.03	197.826
1111.27	312.500
1111.51	700.000
1111.74	-666.667
1111.98	-354.545
1112.22	0.000
1112.46	-1633.333
1112.70	232.143
1112.93	95.455
1113.17	175.000
1113.41	127.957
1113.65	81.034
1113.89	277.273
1114.13	800.000
1114.36	52.941
1114.60	1625.000
1114.84	-10.000
1115.08	-12.281
1115.32	-55.319
1115.55	-52.632
1115.79	1466.667
1116.03	117.742
1116.27	86.207
1116.51	23.333
1116.74	-89.655
1116.98	144.737
1117.22	-216.667
1117.46	-540.000
1117.70	-100.000
1117.93	500.000
1118.17	179.167
1118.41	118.462
1118.65	414.286
1118.89	-187.500
1119.12	-61.765
1119.36	460.000
1119.60	191.667
1119.84	-164.286
1120.07	353.846
1120.31	633.333
1120.55	-4100.000
1120.79	0.000
1121.03	-580.000
1121.26	4700.000
1121.50	930.000
1121.74	-178.571
1121.98	-437.500
1122.21	6700.000
1122.45	372.222
1122.69	218.519
1122.93	525.000
1123.17	211.111
1123.40	-1833.333
1123.64	618.182
1123.88	-300.000
1124.12	100.000
1124.35	48.333
1124.59	-100.000
1124.83	16.279
1125.07	-50.943
1125.30	-200.000
1125.54	92.857
1125.78	150.000
1126.02	1150.000
