195.27	650.000
195.55	-11.290
195.82	214.286
196.09	-90.000
196.36	-13.636
196.63	-27.273
196.90	93.023
197.17	200.000
197.44	-54.167
197.71	25.424
197.98	64.789
198.25	111.111
198.52	75.000
198.79	335.714
199.06	-600.000
199.33	158.333
199.60	72.727
199.87	53.676
200.14	24.028
200.42	16.667
200.69	15.160
200.96	16.587
201.23	19.853
201.50	16.379
201.77	13.151
202.04	15.200
202.31	24.603
202.58	16.986
202.85	14.256
203.12	20.293
203.39	18.043
203.66	22.472
203.93	32.207
204.20	23.307
204.47	15.319
204.74	24.952
205.01	20.744
205.28	17.194
205.55	18.595
205.82	12.236
206.09	18.486
206.36	18.246
206.63	21.968
206.90	20.036
207.17	16.966
207.45	21.511
207.72	21.070
207.99	26.372
208.26	34.132
208.53	31.545
208.80	24.055
209.07	14.000
209.34	19.684
209.61	21.429
209.88	21.379
210.15	20.555
210.42	18.770
210.69	23.576
210.96	25.592
211.23	22.985
211.50	25.551
211.77	30.501
212.04	24.554
212.31	19.766
212.58	22.616
212.85	26.210
213.12	24.597
213.39	27.663
213.66	29.464
213.93	26.770
214.20	27.223
214.47	25.910
214.74	21.971
215.01	17.177
215.28	16.577
215.55	21.745
215.82	24.220
216.09	22.383
216.36	21.359
216.63	22.420
216.90	26.040
217.17	23.508
217.44	23.223
217.71	24.882
217.98	23.870
218.25	18.829
218.52	25.856
218.79	25.922
219.06	27.047
219.33	30.753
219.60	26.371
219.87	23.068
220.14	23.316
220.41	24.976
220.68	23.400
220.95	24.975
221.22	25.680
221.49	24.904
221.76	24.223
222.03	23.272
222.30	25.508
222.57	25.696
222.84	24.492
223.11	26.874
223.38	27.737
223.65	25.669
223.92	24.141
224.19	22.490
224.46	24.638
224.73	24.165
225.00	24.527
225.27	25.876
225.54	26.985
225.81	26.895
226.08	28.488
226.35	27.994
226.62	26.485
226.89	26.942
227.16	27.341
227.43	28.789
227.70	28.161
227.97	27.923
228.24	26.729
228.51	29.076
228.78	28.489
229.05	24.028
229.32	26.950
229.58	28.871
229.85	27.163
230.12	29.405
230.39	25.079
230.66	27.990
230.93	30.377
231.20	28.546
231.47	30.163
231.74	28.824
232.01	28.354
232.28	27.867
232.55	26.397
232.82	26.327
233.09	25.973
233.36	29.081
233.63	28.430
233.90	28.571
234.17	29.685
234.44	26.855
234.71	27.890
234.98	28.528
235.25	27.739
235.52	29.830
235.79	30.648
236.06	28.696
236.32	29.591
236.59	28.491
236.86	29.145
237.13	29.089
237.40	29.653
237.67	28.497
237.94	28.605
238.21	29.633
238.48	31.351
238.75	31.080
239.02	30.568
239.29	30.528
239.56	30.582
239.83	30.171
240.10	29.930
240.37	29.615
240.64	29.683
240.91	31.568
241.17	31.193
241.44	30.021
241.71	29.434
241.98	29.625
242.25	30.386
242.52	31.533
242.79	31.916
243.06	31.255
243.33	28.372
243.60	28.416
243.87	30.252
244.14	31.655
244.41	29.619
244.68	30.220
244.95	30.928
245.21	31.188
245.48	31.400
245.75	31.856
246.02	32.485
246.29	32.109
246.56	31.992
246.83	30.219
247.10	30.058
247.37	31.705
247.64	32.073
247.91	32.141
248.18	31.908
248.45	32.390
248.71	31.231
248.98	31.527
249.25	32.463
249.52	31.906
249.79	31.287
250.06	32.578
250.33	32.366
250.60	32.655
250.87	32.088
251.14	31.907
251.41	31.524
251.68	33.156
251.94	33.687
252.21	33.508
252.48	32.995
252.75	34.134
253.02	32.501
253.29	33.582
253.56	33.769
253.83	31.883
254.10	31.858
254.37	33.915
254.63	34.581
254.90	33.952
255.17	34.287
255.44	35.292
255.71	34.935
255.98	33.788
256.25	33.215
256.52	35.115
256.79	35.511
257.06	35.556
257.32	36.414
257.59	34.484
257.86	34.885
258.13	35.673
258.40	34.838
258.67	35.010
258.94	36.415
259.21	36.441
259.48	35.834
259.74	35.721
260.01	35.586
260.28	36.524
260.55	36.237
260.82	36.626
261.09	37.833
261.36	37.792
261.63	36.723
261.89	36.675
262.16	36.856
262.43	37.094
262.70	36.250
262.97	36.908
263.24	36.951
263.51	37.991
263.78	38.738
264.05	39.120
264.31	37.824
264.58	37.364
264.85	38.126
265.12	38.654
265.39	38.666
265.66	37.426
265.93	38.332
266.19	39.949
266.46	38.539
266.73	39.146
267.00	38.777
267.27	37.923
267.54	39.862
267.81	40.601
268.08	39.394
268.34	37.738
268.61	39.461
268.88	39.087
269.15	40.327
269.42	40.621
269.69	38.887
269.96	37.848
270.22	38.863
270.49	40.353
270.76	39.531
271.03	41.503
271.30	40.083
271.57	39.923
271.84	41.696
272.10	40.847
272.37	40.754
272.64	42.648
272.91	41.281
273.18	40.519
273.45	41.218
273.72	39.733
273.98	41.157
274.25	42.343
274.52	41.276
274.79	42.170
275.06	41.473
275.33	40.409
275.59	41.428
275.86	41.801
276.13	41.419
276.40	41.551
276.67	43.441
276.94	44.120
277.20	43.623
277.47	44.040
277.74	43.625
278.01	42.940
278.28	42.292
278.55	42.925
278.81	43.955
279.08	43.884
279.35	43.690
279.62	43.709
279.89	42.236
280.16	42.390
280.42	42.723
280.69	42.314
280.96	42.972
281.23	44.336
281.50	44.469
281.77	44.124
282.03	44.441
282.30	42.652
282.57	43.752
282.84	43.938
283.11	44.796
283.38	45.206
283.64	44.239
283.91	43.421
284.18	43.025
284.45	44.810
284.72	45.263
284.98	44.818
285.25	44.873
285.52	43.717
285.79	43.901
286.06	44.286
286.33	44.105
286.59	43.794
286.86	45.623
287.13	45.739
287.40	45.970
287.67	44.462
287.93	45.455
288.20	45.723
288.47	44.007
288.74	45.412
289.01	44.939
289.27	45.341
289.54	46.086
289.81	46.215
290.08	45.717
290.35	44.569
290.61	45.354
290.88	45.025
291.15	45.121
291.42	45.681
291.69	46.926
291.95	47.460
292.22	47.561
292.49	45.537
292.76	45.758
293.03	45.844
293.29	45.916
293.56	45.242
293.83	44.492
294.10	44.033
294.37	46.658
294.63	45.833
294.90	45.290
295.17	45.785
295.44	45.494
295.70	46.762
295.97	46.748
296.24	46.404
296.51	46.154
296.78	45.423
297.04	45.797
297.31	46.801
297.58	45.176
297.85	45.945
298.11	45.045
298.38	45.231
298.65	44.771
298.92	45.246
299.19	45.572
299.45	46.177
299.72	46.949
299.99	45.446
300.26	44.953
300.52	45.644
300.79	46.498
301.06	46.804
301.33	45.256
301.60	47.106
301.86	45.622
302.13	45.152
302.40	45.059
302.67	45.408
302.93	46.184
303.20	45.160
303.47	45.942
303.74	45.320
304.00	44.253
304.27	45.718
304.54	46.089
304.81	45.685
305.07	44.826
305.34	45.392
305.61	46.432
305.88	46.376
306.15	44.419
306.41	44.501
306.68	45.599
306.95	46.617
307.22	46.189
307.48	45.057
307.75	46.764
308.02	45.002
308.29	44.887
308.55	45.278
308.82	46.047
309.09	45.902
309.36	45.547
309.62	45.768
309.89	45.658
310.16	45.788
310.42	45.610
310.69	44.220
310.96	44.668
311.23	45.217
311.49	44.687
311.76	44.625
312.03	45.207
312.30	46.003
312.56	45.739
312.83	45.240
313.10	44.346
313.37	45.198
313.63	46.216
313.90	45.191
314.17	44.505
314.44	44.561
314.70	44.867
314.97	46.073
315.24	45.368
315.50	46.095
315.77	44.229
316.04	44.597
316.31	44.598
316.57	44.299
316.84	44.417
317.11	44.682
317.38	44.200
317.64	44.109
317.91	43.759
318.18	44.229
318.44	43.746
318.71	43.567
318.98	45.301
319.25	44.924
319.51	45.419
319.78	46.384
320.05	45.586
320.31	47.032
320.58	45.033
320.85	44.546
321.12	47.131
321.38	44.927
321.65	43.182
321.92	44.242
322.18	45.224
322.45	43.675
322.72	44.891
322.99	43.984
323.25	44.178
323.52	44.343
323.79	45.312
324.05	43.545
324.32	44.421
324.59	45.579
324.86	44.429
325.12	45.119
325.39	44.249
325.66	45.310
325.92	45.039
326.19	45.098
326.46	44.485
326.72	45.817
326.99	43.930
327.26	44.142
327.52	43.535
327.79	43.722
328.06	43.328
328.33	45.475
328.59	46.207
328.86	45.005
329.13	44.811
329.39	45.434
329.66	45.322
329.93	46.065
330.19	44.669
330.46	44.341
330.73	44.358
330.99	44.224
331.26	43.444
331.53	44.935
331.79	46.160
332.06	44.983
332.33	43.243
332.60	45.894
332.86	45.515
333.13	42.742
333.40	43.343
333.66	44.908
333.93	46.815
334.20	48.470
334.46	46.485
334.73	45.657
335.00	44.590
335.26	43.414
335.53	42.408
335.80	44.090
336.06	45.626
336.33	45.935
336.60	44.262
336.86	45.173
337.13	45.272
337.40	45.245
337.66	44.132
337.93	45.191
338.20	44.440
338.46	44.465
338.73	44.121
339.00	43.346
339.26	44.788
339.53	45.535
339.80	46.403
340.06	45.706
340.33	46.282
340.60	46.783
340.86	43.800
341.13	45.522
341.40	44.499
341.66	45.469
341.93	45.079
342.19	44.935
342.46	47.212
342.73	48.210
342.99	45.163
343.26	45.295
343.53	45.267
343.79	45.139
344.06	46.333
344.33	46.861
344.59	45.672
344.86	45.356
345.13	44.044
345.39	45.939
345.66	46.846
345.93	47.016
346.19	45.929
346.46	45.580
346.72	47.195
346.99	45.922
347.26	43.458
347.52	43.761
347.79	47.082
348.06	47.478
348.32	45.926
348.59	46.220
348.86	46.628
349.12	45.201
349.39	45.910
349.65	47.650
349.92	45.235
350.19	44.666
350.45	45.507
350.72	44.532
350.99	44.620
351.25	45.807
351.52	46.146
351.78	47.841
352.05	44.250
352.32	44.183
352.58	45.097
352.85	44.820
353.12	45.692
353.38	45.651
353.65	46.011
353.91	47.128
354.18	46.400
354.45	45.209
354.71	44.919
354.98	45.590
355.24	44.934
355.51	43.622
355.78	45.525
356.04	43.236
356.31	45.154
356.58	45.285
356.84	43.644
357.11	44.440
357.37	44.638
357.64	46.018
357.91	46.211
358.17	45.474
358.44	44.916
358.70	45.306
358.97	45.233
359.24	44.377
359.50	44.191
359.77	45.189
360.03	45.771
360.30	44.040
360.57	45.539
360.83	46.987
361.10	45.373
361.36	45.097
361.63	45.222
361.90	46.429
362.16	47.075
362.43	45.690
362.69	45.742
362.96	45.882
363.23	45.723
363.49	45.531
363.76	45.954
364.02	45.650
364.29	45.435
364.55	44.516
364.82	44.246
365.09	44.302
365.35	44.941
365.62	42.837
365.88	43.379
366.15	44.527
366.42	46.391
366.68	43.567
366.95	45.341
367.21	44.702
367.48	44.209
367.74	45.299
368.01	44.410
368.28	44.825
368.54	44.472
368.81	44.207
369.07	44.429
369.34	44.437
369.60	44.031
369.87	43.474
370.14	43.976
370.40	44.086
370.67	44.080
370.93	44.197
371.20	43.574
371.46	43.415
371.73	43.263
372.00	43.678
372.26	43.338
372.53	45.009
372.79	43.801
373.06	44.638
373.32	43.395
373.59	42.591
373.85	43.012
374.12	42.589
374.39	43.292
374.65	43.608
374.92	44.067
375.18	44.437
375.45	43.627
375.71	44.395
375.98	43.324
376.24	44.348
376.51	42.243
376.78	43.523
377.04	45.117
377.31	44.956
377.57	45.651
377.84	44.169
378.10	43.986
378.37	45.396
378.63	44.561
378.90	43.484
379.16	43.674
379.43	44.018
379.70	43.904
379.96	43.051
380.23	42.690
380.49	44.512
380.76	44.500
381.02	45.562
381.29	44.152
381.55	44.374
381.82	44.626
382.08	43.537
382.35	42.380
382.61	42.852
382.88	43.251
383.15	44.380
383.41	45.379
383.68	46.396
383.94	45.108
384.21	44.324
384.47	42.969
384.74	44.558
385.00	43.619
385.27	43.780
385.53	45.171
385.80	43.838
386.06	43.153
386.33	44.501
386.59	44.258
386.86	42.972
387.12	42.121
387.39	43.322
387.65	45.073
387.92	43.994
388.18	43.945
388.45	43.836
388.71	42.798
388.98	44.789
389.24	43.952
389.51	44.933
389.78	45.988
390.04	44.065
390.31	43.219
390.57	43.535
390.84	43.927
391.10	44.487
391.37	45.368
391.63	45.204
391.90	45.247
392.16	43.123
392.43	42.094
392.69	42.600
392.96	43.788
393.22	44.815
393.49	43.757
393.75	43.369
394.02	43.380
394.28	42.544
394.55	43.944
394.81	43.167
395.08	42.297
395.34	43.705
395.61	42.385
395.87	42.472
396.14	41.248
396.40	41.439
396.67	42.791
396.93	41.640
397.19	42.253
397.46	42.609
397.72	43.483
397.99	43.542
398.25	43.074
398.52	43.867
398.78	41.795
399.05	42.066
399.31	43.791
399.58	43.209
399.84	43.219
400.11	42.642
400.37	42.919
400.64	43.239
400.90	42.935
401.17	41.397
401.43	42.162
401.70	41.752
401.96	43.025
402.23	41.769
402.49	41.212
402.76	41.623
403.02	42.190
403.29	42.828
403.55	41.261
403.81	40.024
404.08	42.378
404.34	41.536
404.61	42.408
404.87	42.512
405.14	41.842
405.40	43.370
405.67	42.532
405.93	42.101
406.20	42.352
406.46	41.650
406.73	43.197
406.99	44.333
407.25	42.677
407.52	41.356
407.78	41.364
408.05	42.228
408.31	42.206
408.58	43.322
408.84	41.424
409.11	40.904
409.37	41.108
409.64	41.235
409.90	41.593
410.16	41.501
410.43	40.320
410.69	42.193
410.96	43.108
411.22	43.328
411.49	41.318
411.75	42.230
412.02	41.226
412.28	40.533
412.54	40.556
412.81	40.816
413.07	40.239
413.34	41.251
413.60	40.717
413.87	42.393
414.13	41.710
414.40	41.850
414.66	42.242
414.92	41.649
415.19	41.362
415.45	41.649
415.72	40.216
415.98	41.446
416.25	42.494
416.51	41.351
416.77	39.951
417.04	41.189
417.30	42.563
417.57	41.765
417.83	40.049
418.10	39.410
418.36	40.134
418.62	40.484
418.89	40.258
419.15	41.436
419.42	42.293
419.68	40.395
419.95	39.268
420.21	40.229
420.47	41.305
420.74	41.141
421.00	40.907
421.27	40.907
421.53	41.451
421.79	40.930
422.06	41.667
422.32	42.522
422.59	41.617
422.85	39.367
423.11	40.801
423.38	40.818
423.64	42.733
423.91	41.978
424.17	40.970
424.44	41.098
424.70	41.081
424.96	41.539
425.23	41.226
425.49	40.670
425.76	39.894
426.02	40.726
426.28	41.071
426.55	41.561
426.81	42.324
427.08	41.723
427.34	41.048
427.60	40.586
427.87	40.992
428.13	41.647
428.40	40.745
428.66	40.465
428.92	40.824
429.19	40.980
429.45	39.939
429.71	40.199
429.98	40.021
430.24	39.797
430.51	40.347
430.77	40.344
431.03	40.383
431.30	39.576
431.56	39.688
431.83	40.016
432.09	39.752
432.35	41.558
432.62	41.735
432.88	40.754
433.14	40.905
433.41	39.399
433.67	39.312
433.94	40.025
434.20	40.360
434.46	40.476
434.73	40.855
434.99	37.450
435.25	39.049
435.52	40.569
435.78	41.003
436.05	39.553
436.31	39.242
436.57	39.425
436.84	39.658
437.10	39.363
437.36	40.024
437.63	39.606
437.89	39.039
438.15	38.788
438.42	41.770
438.68	42.400
438.95	39.115
439.21	39.065
439.47	39.992
439.74	38.950
440.00	37.639
440.26	38.694
440.53	38.241
440.79	36.881
441.05	37.445
441.32	36.317
441.58	37.408
441.84	36.765
442.11	37.279
442.37	37.106
442.64	36.563
442.90	37.247
443.16	37.366
443.43	39.020
443.69	39.883
443.95	39.225
444.22	40.714
444.48	39.625
444.74	40.095
445.01	40.109
445.27	40.744
445.53	39.666
445.80	38.931
446.06	37.580
446.32	38.333
446.59	39.417
446.85	39.574
447.11	39.480
447.38	37.282
447.64	38.407
447.90	38.967
448.17	39.777
448.43	37.241
448.69	35.717
448.96	37.978
449.22	37.078
449.48	37.405
449.75	38.154
450.01	39.308
450.27	40.273
450.54	39.634
450.80	39.595
451.06	38.540
451.33	38.119
451.59	38.811
451.85	38.943
452.12	41.780
452.38	40.866
452.64	38.674
452.91	38.175
453.17	38.237
453.43	38.188
453.69	38.812
453.96	38.376
454.22	38.344
454.48	36.792
454.75	37.388
455.01	38.288
455.27	37.427
455.54	37.590
455.80	37.267
456.06	38.284
456.33	37.786
456.59	37.344
456.85	36.139
457.12	37.628
457.38	37.655
457.64	39.868
457.90	38.481
458.17	40.326
458.43	39.692
458.69	38.537
458.96	38.070
459.22	40.306
459.48	41.176
459.75	40.730
460.01	39.353
460.27	38.467
460.53	40.038
460.80	39.849
461.06	40.632
461.32	39.639
461.59	39.230
461.85	38.566
462.11	37.322
462.37	37.042
462.64	36.946
462.90	37.867
463.16	38.047
463.43	37.779
463.69	36.026
463.95	36.364
464.21	35.432
464.48	34.865
464.74	34.923
465.00	36.549
465.27	35.838
465.53	35.717
465.79	36.621
466.05	35.697
466.32	36.816
466.58	36.999
466.84	36.995
467.10	37.505
467.37	39.527
467.63	39.097
467.89	38.643
468.16	38.124
468.42	38.083
468.68	39.106
468.94	40.227
469.21	40.070
469.47	38.514
469.73	38.173
469.99	40.148
470.26	41.453
470.52	38.295
470.78	37.296
471.04	36.811
471.31	38.263
471.57	35.873
471.83	35.840
472.10	35.684
472.36	34.861
472.62	33.212
472.88	33.817
473.15	34.468
473.41	34.944
473.67	33.996
473.93	33.322
474.20	32.709
474.46	33.599
474.72	34.211
474.98	34.506
475.25	35.633
475.51	36.062
475.77	34.972
476.03	35.463
476.30	34.884
476.56	35.821
476.82	38.256
477.08	39.056
477.34	39.250
477.61	40.377
477.87	39.936
478.13	39.479
478.39	40.307
478.66	41.370
478.92	40.501
479.18	40.056
479.44	41.164
479.71	40.708
479.97	39.388
480.23	39.030
480.49	38.743
480.76	37.840
481.02	36.660
481.28	36.340
481.54	35.861
481.80	35.148
482.07	34.323
482.33	33.249
482.59	33.399
482.85	31.842
483.12	30.802
483.38	30.473
483.64	31.845
483.90	33.361
484.16	31.624
484.43	32.459
484.69	33.140
484.95	33.554
485.21	33.678
485.48	35.713
485.74	37.026
486.00	37.545
486.26	37.775
486.52	39.007
486.79	40.577
487.05	42.096
487.31	42.785
487.57	43.389
487.83	44.401
488.10	43.578
488.36	43.251
488.62	45.212
488.88	45.612
489.14	46.998
489.41	47.206
489.67	46.324
489.93	45.625
490.19	45.033
490.45	44.739
490.72	44.439
490.98	43.919
491.24	42.722
491.50	41.811
491.76	40.600
492.03	38.429
492.29	37.972
492.55	37.754
492.81	35.846
493.07	36.293
493.34	35.366
493.60	33.196
493.86	32.411
494.12	31.305
494.38	29.180
494.65	29.455
494.91	30.343
495.17	31.120
495.43	30.516
495.69	30.653
495.95	30.834
496.22	31.854
496.48	32.374
496.74	33.644
497.00	34.151
497.26	34.766
497.53	35.698
497.79	37.158
498.05	38.699
498.31	40.103
498.57	39.786
498.83	41.482
499.10	43.605
499.36	43.480
499.62	44.745
499.88	44.739
500.14	45.646
500.40	46.719
500.67	46.124
500.93	45.964
501.19	46.260
501.45	45.171
501.71	45.165
501.97	45.424
502.24	44.355
502.50	42.162
502.76	40.501
503.02	39.534
503.28	38.798
503.54	38.204
503.81	37.599
504.07	35.300
504.33	34.258
504.59	32.162
504.85	30.291
505.11	28.722
505.37	28.460
505.64	27.649
505.90	27.993
506.16	27.739
506.42	27.091
506.68	27.164
506.94	27.084
507.20	25.823
507.47	26.516
507.73	27.475
507.99	28.450
508.25	29.716
508.51	30.040
508.77	30.357
509.03	31.771
509.30	33.385
509.56	33.952
509.82	35.171
510.08	37.267
510.34	39.944
510.60	41.173
510.86	42.154
511.13	43.763
511.39	44.125
511.65	45.760
511.91	46.942
512.17	47.816
512.43	47.887
512.69	47.390
512.95	47.698
513.22	49.275
513.48	49.499
513.74	49.365
514.00	47.346
514.26	47.488
514.52	48.247
514.78	48.323
515.04	46.512
515.31	44.986
515.57	43.040
515.83	40.049
516.09	39.464
516.35	38.715
516.61	37.523
516.87	37.230
517.13	34.975
517.40	31.328
517.66	30.143
517.92	30.017
518.18	27.632
518.44	26.987
518.70	25.668
518.96	24.181
519.22	24.899
519.48	25.526
519.75	23.994
520.01	22.868
520.27	23.919
520.53	24.449
520.79	24.259
521.05	25.106
521.31	25.822
521.57	28.151
521.83	27.817
522.09	29.009
522.36	30.163
522.62	32.864
522.88	35.345
523.14	36.220
523.40	38.380
523.66	39.864
523.92	41.160
524.18	42.214
524.44	43.825
524.70	45.557
524.96	47.839
525.23	47.971
525.49	48.043
525.75	49.765
526.01	50.375
526.27	50.517
526.53	49.642
526.79	50.550
527.05	51.898
527.31	49.957
527.57	48.769
527.83	49.447
528.09	49.273
528.36	49.471
528.62	47.529
528.88	47.075
529.14	46.493
529.40	44.394
529.66	41.700
529.92	41.020
530.18	37.799
530.44	37.489
530.70	35.937
530.96	33.926
531.22	33.190
531.48	30.822
531.74	29.358
532.00	27.861
532.27	25.216
532.53	23.739
532.79	22.538
533.05	23.116
533.31	21.976
533.57	21.079
533.83	20.979
534.09	20.407
534.35	20.774
534.61	20.511
534.87	20.397
535.13	21.156
535.39	22.255
535.65	22.449
535.91	25.293
536.17	26.669
536.43	27.320
536.70	29.138
536.96	29.504
537.22	32.507
537.48	34.250
537.74	36.253
538.00	38.584
538.26	40.829
538.52	41.078
538.78	43.087
539.04	44.741
539.30	45.852
539.56	46.927
539.82	48.769
540.08	50.080
540.34	50.672
540.60	52.073
540.86	54.466
541.12	55.556
541.38	55.200
541.64	54.706
541.90	54.932
542.16	55.604
542.42	55.238
542.68	56.036
542.94	56.061
543.21	55.101
543.47	52.215
543.73	52.167
543.99	52.182
544.25	50.116
544.51	47.625
544.77	46.726
545.03	45.156
545.29	42.542
545.55	39.683
545.81	38.590
546.07	37.636
546.33	36.735
546.59	34.624
546.85	30.660
547.11	28.914
547.37	26.675
547.63	25.826
547.89	24.840
548.15	22.651
548.41	21.913
548.67	20.239
548.93	19.090
549.19	17.973
549.45	17.053
549.71	16.501
549.97	15.990
550.23	15.915
550.49	16.095
550.75	16.743
551.01	18.979
551.27	19.286
551.53	19.990
551.79	22.032
552.05	24.744
552.31	25.360
552.57	25.918
552.83	27.696
553.09	29.921
553.35	32.488
553.61	35.128
553.87	36.757
554.13	38.847
554.39	41.196
554.65	42.689
554.91	43.852
555.17	46.260
555.43	47.903
555.69	49.181
555.95	51.788
556.21	53.040
556.47	52.844
556.73	54.394
556.99	56.176
557.25	58.665
557.51	59.258
557.77	59.082
558.03	58.682
558.29	58.613
558.55	58.220
558.81	59.375
559.07	58.977
559.33	57.629
559.59	57.567
559.85	56.802
560.11	56.247
560.37	55.395
560.62	55.727
560.88	54.473
561.14	51.815
561.40	51.222
561.66	49.079
561.92	47.327
562.18	45.658
562.44	44.026
562.70	41.607
562.96	38.704
563.22	35.955
563.48	33.724
563.74	32.973
564.00	30.449
564.26	27.955
564.52	26.029
564.78	24.889
565.04	22.717
565.30	20.842
565.56	19.274
565.82	17.787
566.08	15.775
566.34	15.568
566.60	15.453
566.86	14.664
567.11	14.627
567.37	14.488
567.63	14.225
567.89	14.986
568.15	15.809
568.41	16.756
568.67	18.099
568.93	18.567
569.19	19.716
569.45	20.739
569.71	22.282
569.97	23.552
570.23	25.797
570.49	28.243
570.75	30.904
571.01	33.214
571.27	35.429
571.52	37.289
571.78	39.630
572.04	40.931
572.30	43.018
572.56	45.932
572.82	47.740
573.08	49.756
573.34	51.698
573.60	52.705
573.86	55.051
574.12	56.527
574.38	57.543
574.64	59.061
574.90	60.633
575.15	60.919
575.41	62.135
575.67	62.710
575.93	63.380
576.19	63.694
576.45	63.874
576.71	63.784
576.97	64.128
577.23	64.313
577.49	63.779
577.75	64.217
578.01	62.800
578.26	62.063
578.52	61.287
578.78	59.472
579.04	58.742
579.30	58.264
579.56	56.627
579.82	54.984
580.08	52.983
580.34	50.863
580.60	48.782
580.86	46.716
581.11	44.332
581.37	42.351
581.63	40.830
581.89	39.575
582.15	37.412
582.41	34.945
582.67	32.658
582.93	30.064
583.19	27.753
583.45	25.806
583.70	23.980
583.96	21.005
584.22	19.451
584.48	17.599
584.74	15.746
585.00	14.631
585.26	14.260
585.52	13.139
585.78	12.419
586.03	11.235
586.29	10.702
586.55	10.867
586.81	10.934
587.07	11.135
587.33	12.018
587.59	12.544
587.85	13.836
588.11	14.555
588.36	16.215
588.62	17.386
588.88	19.146
589.14	20.940
589.40	22.681
589.66	24.807
589.92	27.645
590.18	29.018
590.43	30.993
590.69	33.657
590.95	36.573
591.21	38.042
591.47	40.062
591.73	42.855
591.99	44.703
592.24	46.964
592.50	49.030
592.76	51.583
593.02	52.351
593.28	53.249
593.54	56.054
593.80	58.208
594.06	59.418
594.31	59.842
594.57	61.386
594.83	63.018
595.09	64.623
595.35	65.664
595.61	65.837
595.87	65.558
596.12	66.263
596.38	66.575
596.64	66.283
596.90	67.573
597.16	66.809
597.42	66.198
597.67	66.054
597.93	64.926
598.19	64.309
598.45	63.756
598.71	62.546
598.97	61.288
599.23	60.951
599.48	59.268
599.74	58.220
600.00	57.196
600.26	56.213
600.52	55.396
600.78	52.639
601.03	50.476
601.29	48.156
601.55	46.317
601.81	44.252
602.07	41.700
602.33	40.395
602.58	38.128
602.84	35.275
603.10	33.321
603.36	30.736
603.62	29.069
603.88	27.222
604.13	24.988
604.39	22.528
604.65	20.967
604.91	17.830
605.17	15.789
605.42	14.850
605.68	13.653
605.94	11.947
606.20	10.605
606.46	10.186
606.72	9.294
606.97	8.400
607.23	8.301
607.49	8.792
607.75	8.976
608.01	8.923
608.26	9.275
608.52	8.657
608.78	10.127
609.04	11.607
609.30	12.593
609.55	14.593
609.81	16.020
610.07	17.329
610.33	19.036
610.59	20.827
610.84	22.367
611.10	24.685
611.36	27.630
611.62	29.835
611.88	31.783
612.13	34.418
612.39	36.324
612.65	38.675
612.91	40.869
613.17	42.812
613.42	45.779
613.68	47.726
613.94	49.745
614.20	51.849
614.46	53.467
614.71	55.536
614.97	57.354
615.23	58.881
615.49	61.689
615.75	62.830
616.00	63.791
616.26	65.580
616.52	66.059
616.78	66.293
617.03	67.869
617.29	69.061
617.55	69.190
617.81	70.402
618.07	71.503
618.32	71.898
618.58	71.176
618.84	70.801
619.10	70.834
619.35	71.917
619.61	71.965
619.87	70.217
620.13	70.525
620.39	70.899
620.64	70.081
620.90	69.124
621.16	68.083
621.42	67.162
621.67	64.786
621.93	63.146
622.19	62.600
622.45	61.821
622.70	60.632
622.96	59.387
623.22	57.993
623.48	55.181
623.73	52.729
623.99	50.663
624.25	48.965
624.51	46.762
624.77	44.795
625.02	43.079
625.28	41.620
625.54	38.333
625.80	35.902
626.05	34.674
626.31	32.173
626.57	29.242
626.83	26.752
627.08	25.467
627.34	23.681
627.60	21.901
627.85	19.912
628.11	17.587
628.37	15.495
628.63	14.534
628.88	12.750
629.14	11.981
629.40	9.901
629.66	8.705
629.91	7.991
630.17	7.510
630.43	6.706
630.69	7.268
630.94	7.091
631.20	5.928
631.46	6.795
631.72	7.042
631.97	7.932
632.23	9.399
632.49	10.341
632.74	10.050
633.00	10.839
633.26	14.187
633.52	14.583
633.77	17.031
634.03	18.664
634.29	19.381
634.55	21.326
634.80	23.820
635.06	25.775
635.32	28.255
635.57	30.238
635.83	32.229
636.09	33.972
636.35	36.139
636.60	39.070
636.86	41.548
637.12	41.672
637.37	45.168
637.63	47.711
637.89	48.605
638.15	50.205
638.40	52.236
638.66	54.417
638.92	56.182
639.17	58.160
639.43	60.399
639.69	61.107
639.94	62.452
640.20	63.250
640.46	65.570
640.72	66.953
640.97	67.397
641.23	68.611
641.49	69.401
641.74	69.877
642.00	70.252
642.26	72.032
642.51	72.997
642.77	72.483
643.03	71.878
643.28	72.411
643.54	73.116
643.80	73.762
644.06	72.024
644.31	71.795
644.57	72.571
644.83	72.347
645.08	70.332
645.34	70.328
645.60	71.492
645.85	70.631
646.11	69.466
646.37	68.335
646.62	67.346
646.88	64.744
647.14	62.046
647.39	61.364
647.65	61.024
647.91	58.605
648.16	57.124
648.42	56.565
648.68	54.440
648.93	52.617
649.19	50.682
649.45	48.473
649.70	47.165
649.96	44.853
650.22	43.654
650.47	40.376
650.73	38.655
650.99	36.076
651.24	32.556
651.50	31.167
651.76	30.178
652.01	28.834
652.27	26.581
652.53	22.906
652.78	21.592
653.04	19.726
653.30	18.994
653.55	17.123
653.81	14.843
654.07	12.471
654.32	11.132
654.58	9.687
654.84	8.768
655.09	7.271
655.35	6.742
655.61	5.828
655.86	5.280
656.12	4.978
656.38	4.982
656.63	5.242
656.89	5.379
657.14	4.915
657.40	5.744
657.66	6.381
657.91	7.108
658.17	7.516
658.43	8.242
658.68	9.524
658.94	10.478
659.20	12.619
659.45	13.760
659.71	16.226
659.96	16.866
660.22	18.679
660.48	21.400
660.73	23.398
660.99	24.755
661.25	26.996
661.50	29.114
661.76	31.412
662.01	33.356
662.27	34.557
662.53	36.418
662.78	39.515
663.04	41.661
663.30	44.520
663.55	46.138
663.81	47.564
664.06	50.054
664.32	52.739
664.58	54.014
664.83	55.474
665.09	56.232
665.35	58.536
665.60	60.952
665.86	62.681
666.11	63.536
666.37	64.271
666.63	66.969
666.88	68.102
667.14	69.285
667.39	71.887
667.65	72.899
667.91	73.460
668.16	74.421
668.42	75.358
668.67	76.051
668.93	76.705
669.19	76.729
669.44	76.861
669.70	77.761
669.95	79.156
670.21	80.785
670.47	81.468
670.72	80.116
670.98	79.186
671.23	78.424
671.49	78.678
671.75	77.686
672.00	78.145
672.26	77.418
672.51	77.258
672.77	75.835
673.03	76.286
673.28	73.925
673.54	74.027
673.79	73.351
674.05	72.486
674.30	71.419
674.56	70.905
674.82	68.920
675.07	68.039
675.33	66.842
675.58	65.128
675.84	63.702
676.09	62.030
676.35	59.609
676.61	57.767
676.86	56.074
677.12	53.954
677.37	53.038
677.63	51.136
677.88	49.149
678.14	47.565
678.40	46.112
678.65	43.657
678.91	41.333
679.16	39.892
679.42	37.208
679.67	34.873
679.93	33.423
680.19	31.656
680.44	29.424
680.70	27.473
680.95	25.587
681.21	23.209
681.46	20.258
681.72	19.221
681.97	17.600
682.23	16.494
682.49	14.966
682.74	13.793
683.00	11.984
683.25	9.920
683.51	8.526
683.76	7.026
684.02	6.747
684.27	5.538
684.53	4.577
684.78	4.543
685.04	5.136
685.30	3.639
685.55	3.464
685.81	3.411
686.06	4.254
686.32	5.340
686.57	5.669
686.83	5.293
687.08	5.549
687.34	6.782
687.59	8.840
687.85	8.833
688.10	9.440
688.36	10.785
688.62	11.744
688.87	13.104
689.13	15.464
689.38	18.370
689.64	19.704
689.89	20.715
690.15	22.402
690.40	24.159
690.66	26.160
690.91	27.627
691.17	30.156
691.42	32.204
691.68	33.900
691.93	36.739
692.19	38.620
692.44	41.667
692.70	43.581
692.95	44.773
693.21	46.842
693.46	48.849
693.72	49.435
693.97	52.321
694.23	54.299
694.49	55.296
694.74	56.950
695.00	58.666
695.25	61.268
695.51	63.523
695.76	63.938
696.02	65.079
696.27	67.571
696.53	68.402
696.78	70.805
697.04	70.615
697.29	71.440
697.55	72.124
697.80	74.548
698.06	75.976
698.31	76.107
698.57	76.951
698.82	77.782
699.08	77.311
699.33	79.569
699.59	80.362
699.84	80.742
700.09	80.248
700.35	81.254
700.60	81.309
700.86	82.617
701.11	82.208
701.37	81.345
701.62	81.122
701.88	81.091
702.13	81.269
702.39	81.265
702.64	80.783
702.90	81.698
703.15	80.702
703.41	79.209
703.66	78.708
703.92	79.068
704.17	78.435
704.43	76.635
704.68	75.267
704.94	74.969
705.19	73.949
705.45	73.378
705.70	72.439
705.95	71.002
706.21	69.861
706.46	67.414
706.72	65.851
706.97	63.986
707.23	63.106
707.48	61.045
707.74	59.482
707.99	59.070
708.25	57.425
708.50	55.326
708.76	53.165
709.01	51.902
709.27	50.070
709.52	48.252
709.77	46.383
710.03	43.890
710.28	41.882
710.54	39.856
710.79	38.008
711.05	36.485
711.30	33.943
711.56	32.411
711.81	30.359
712.06	28.858
712.32	26.926
712.57	24.850
712.83	22.749
713.08	21.201
713.34	19.549
713.59	17.538
713.85	15.454
714.10	14.129
714.35	12.371
714.61	11.886
714.86	10.510
715.12	9.596
715.37	7.664
715.63	6.610
715.88	5.692
716.13	5.248
716.39	4.272
716.64	3.839
716.90	3.892
717.15	2.909
717.41	2.611
717.66	2.320
717.91	2.924
718.17	3.119
718.42	3.226
718.68	3.233
718.93	2.948
719.19	4.099
719.44	4.812
719.69	5.180
719.95	6.193
720.20	6.851
720.46	8.108
720.71	9.780
720.97	11.544
721.22	13.492
721.47	15.037
721.73	15.323
721.98	16.361
722.24	18.426
722.49	20.920
722.74	22.166
723.00	23.606
723.25	25.609
723.51	27.602
723.76	29.702
724.01	30.756
724.27	33.173
724.52	35.533
724.78	36.782
725.03	38.236
725.28	40.581
725.54	42.953
725.79	44.929
726.05	47.888
726.30	48.981
726.55	50.555
726.81	52.573
727.06	54.051
727.32	56.370
727.57	58.367
727.82	59.261
728.08	60.186
728.33	61.677
728.59	63.497
728.84	65.610
729.09	67.149
729.35	69.260
729.60	69.248
729.85	71.357
730.11	72.159
730.36	73.570
730.62	75.698
730.87	77.006
731.12	77.361
731.38	78.215
731.63	79.228
731.88	80.175
732.14	80.216
732.39	80.869
732.65	81.682
732.90	83.818
733.15	83.204
733.41	83.121
733.66	83.482
733.91	83.851
734.17	84.839
734.42	85.368
734.68	85.409
734.93	86.483
735.18	86.573
735.44	86.531
735.69	85.900
735.94	85.769
736.20	86.921
736.45	86.492
736.70	85.938
736.96	85.077
737.21	84.507
737.46	85.127
737.72	85.184
737.97	86.313
738.23	85.204
738.48	84.167
738.73	82.029
738.99	81.735
739.24	80.912
739.49	79.856
739.75	78.846
740.00	78.132
740.25	76.177
740.51	76.930
740.76	75.972
741.01	73.852
741.27	72.070
741.52	72.234
741.77	70.828
742.03	68.500
742.28	66.834
742.53	66.531
742.79	64.955
743.04	63.034
743.29	61.951
743.55	60.175
743.80	58.958
744.05	56.800
744.31	55.191
744.56	53.643
744.81	51.518
745.07	49.812
745.32	49.227
745.57	47.379
745.83	44.772
746.08	42.897
746.33	40.141
746.59	38.164
746.84	37.330
747.09	35.549
747.35	32.514
747.60	31.488
747.85	29.622
748.10	28.042
748.36	26.202
748.61	25.213
748.86	23.594
749.12	21.572
749.37	19.374
749.62	18.700
749.88	16.913
750.13	14.465
750.38	13.105
750.64	12.185
750.89	11.059
751.14	10.127
751.39	8.817
751.65	7.679
751.90	6.177
752.15	4.420
752.41	4.645
752.66	3.780
752.91	3.568
753.17	4.320
753.42	3.154
753.67	2.783
753.92	1.667
754.18	1.684
754.43	1.887
754.68	1.892
754.94	2.497
755.19	2.888
755.44	3.263
755.69	3.690
755.95	4.543
756.20	4.761
756.45	5.600
756.71	6.230
756.96	6.755
757.21	7.135
757.46	9.212
757.72	10.429
757.97	11.308
758.22	12.548
758.48	13.933
758.73	15.393
758.98	16.895
759.23	17.216
759.49	18.863
759.74	21.894
759.99	24.336
760.25	24.990
760.50	27.080
760.75	28.551
761.00	29.687
761.26	31.111
761.51	32.591
761.76	34.672
762.01	35.414
762.27	37.612
762.52	40.616
762.77	42.463
763.02	43.779
763.28	44.323
763.53	47.035
763.78	48.033
764.03	50.030
764.29	51.797
764.54	53.800
764.79	55.452
765.04	56.957
765.30	57.774
765.55	59.812
765.80	60.892
766.05	62.520
766.31	63.954
766.56	64.311
766.81	66.652
767.06	68.547
767.32	70.140
767.57	71.813
767.82	72.601
768.07	74.399
768.33	73.750
768.58	74.585
768.83	76.461
769.08	76.704
769.34	77.859
769.59	78.764
769.84	79.731
770.09	79.505
770.35	79.983
770.60	82.213
770.85	82.757
771.10	82.236
771.35	82.071
771.61	84.639
771.86	84.074
772.11	85.040
772.36	86.337
772.62	86.321
772.87	87.190
773.12	87.399
773.37	87.800
773.62	88.504
773.88	86.964
774.13	86.518
774.38	88.485
774.63	86.621
774.89	85.405
775.14	85.669
775.39	85.157
775.64	86.290
775.89	86.024
776.15	84.305
776.40	82.668
776.65	83.156
776.90	83.066
777.15	81.475
777.41	81.786
777.66	80.341
777.91	81.601
778.16	81.409
778.41	78.772
778.67	76.826
778.92	77.535
779.17	77.381
779.42	77.309
779.67	76.536
779.93	75.690
780.18	73.374
780.43	72.491
780.68	71.601
780.93	69.261
781.19	68.570
781.44	67.839
781.69	66.753
781.94	66.291
782.19	65.441
782.45	63.666
782.70	62.287
782.95	60.453
783.20	58.747
783.45	56.421
783.70	55.722
783.96	54.826
784.21	51.698
784.46	51.144
784.71	49.409
784.96	46.767
785.22	46.269
785.47	44.005
785.72	42.253
785.97	41.421
786.22	40.521
786.47	38.122
786.73	36.710
786.98	35.301
787.23	34.126
787.48	31.164
787.73	28.752
787.98	28.018
788.24	26.502
788.49	25.415
788.74	23.511
788.99	21.898
789.24	21.726
789.49	20.551
789.75	18.915
790.00	17.105
790.25	14.813
790.50	14.296
790.75	12.678
791.00	11.677
791.26	9.889
791.51	9.596
791.76	9.244
792.01	7.362
792.26	7.105
792.51	5.862
792.76	4.891
793.02	4.702
793.27	3.070
793.52	1.644
793.77	2.078
794.02	2.156
794.27	1.909
794.52	1.534
794.78	1.661
795.03	1.195
795.28	1.317
795.53	1.245
795.78	1.104
796.03	2.351
796.28	2.491
796.54	2.830
796.79	3.702
797.04	4.236
797.29	4.642
797.54	4.632
797.79	5.119
798.04	5.411
798.29	7.485
798.55	9.081
798.80	9.776
799.05	10.732
799.30	11.674
799.55	12.527
799.80	13.721
800.05	15.061
800.30	16.351
800.56	16.497
800.81	18.920
801.06	21.116
801.31	22.981
801.56	24.482
801.81	25.087
802.06	26.954
802.31	28.094
802.56	30.027
802.82	32.191
803.07	33.951
803.32	35.132
803.57	35.764
803.82	36.931
804.07	39.262
804.32	40.151
804.57	41.914
804.82	44.854
805.07	45.334
805.33	47.700
805.58	49.065
805.83	50.085
806.08	52.078
806.33	52.744
806.58	54.617
806.83	56.416
807.08	57.682
807.33	58.666
807.58	60.193
807.84	60.971
808.09	63.927
808.34	63.824
808.59	65.856
808.84	66.353
809.09	68.062
809.34	70.805
809.59	71.850
809.84	71.366
810.09	73.462
810.34	73.949
810.59	75.693
810.85	75.736
811.10	76.573
811.35	77.324
811.60	78.762
811.85	81.031
812.10	82.275
812.35	81.377
812.60	81.513
812.85	83.369
813.10	83.395
813.35	85.081
813.60	85.864
813.85	86.474
814.10	87.233
814.36	86.753
814.61	86.838
814.86	87.576
815.11	87.933
815.36	89.242
815.61	88.028
815.86	89.513
816.11	89.597
816.36	88.498
816.61	88.852
816.86	87.912
817.11	88.743
817.36	88.839
817.61	90.000
817.86	90.960
818.11	89.873
818.36	90.072
818.62	89.457
818.87	86.866
819.12	87.438
819.37	89.307
819.62	89.121
819.87	88.960
820.12	87.579
820.37	87.057
820.62	87.355
820.87	86.524
821.12	85.333
821.37	85.082
821.62	83.765
821.87	82.854
822.12	83.875
822.37	83.612
822.62	81.655
822.87	81.922
823.12	81.469
823.37	80.988
823.62	81.742
823.87	79.772
824.12	78.868
824.37	77.595
824.62	76.098
824.87	74.537
825.12	73.917
825.37	72.107
825.63	72.570
825.88	71.644
826.13	68.738
826.38	67.306
826.63	67.975
826.88	65.335
827.13	64.803
827.38	63.778
827.63	62.732
827.88	62.460
828.13	61.826
828.38	59.065
828.63	55.798
828.88	55.453
829.13	54.924
829.38	53.889
829.63	51.662
829.88	49.421
830.13	48.522
830.38	46.541
830.63	45.920
830.88	43.604
831.13	42.812
831.38	40.756
831.63	40.029
831.88	39.318
832.13	37.460
832.38	35.920
832.63	34.406
832.88	32.836
833.13	32.104
833.38	30.633
833.63	28.969
833.88	27.219
834.13	25.932
834.38	24.058
834.63	22.865
834.88	21.905
835.13	21.804
835.38	19.025
835.63	18.210
835.88	17.027
836.13	15.136
836.38	14.751
836.63	12.495
836.88	12.597
837.12	10.231
837.37	10.587
837.62	10.332
837.87	9.168
838.12	7.427
838.37	5.212
838.62	3.713
838.87	3.726
839.12	3.890
839.37	3.846
839.62	3.160
839.87	3.838
840.12	4.045
840.37	3.509
840.62	1.302
840.87	-0.251
841.12	0.712
841.37	1.254
841.62	1.618
841.87	1.119
842.12	1.847
842.37	1.888
842.62	1.885
842.87	2.106
843.12	2.256
843.37	3.548
843.62	3.113
843.87	2.384
844.11	3.079
844.36	5.161
844.61	6.705
844.86	6.773
845.11	6.188
845.36	8.511
845.61	10.742
845.86	10.264
846.11	11.410
846.36	12.476
846.61	13.508
846.86	14.778
847.11	15.571
847.36	15.517
847.61	17.271
847.86	19.066
848.11	20.305
848.35	20.687
848.60	22.460
848.85	24.336
849.10	26.116
849.35	27.291
849.60	27.616
849.85	31.437
850.10	33.678
850.35	33.292
850.60	34.506
850.85	35.277
851.10	34.691
851.35	37.566
851.60	39.242
851.84	40.377
852.09	41.155
852.34	42.487
852.59	45.267
852.84	46.538
853.09	47.273
853.34	48.903
853.59	50.855
853.84	51.645
854.09	51.784
854.34	53.837
854.59	56.480
854.83	58.296
855.08	58.551
855.33	59.171
855.58	60.859
855.83	62.367
856.08	64.383
856.33	64.303
856.58	67.719
856.83	68.575
857.08	69.200
857.32	71.393
857.57	72.326
857.82	73.714
858.07	75.278
858.32	76.343
858.57	75.459
858.82	76.943
859.07	75.881
859.32	77.995
859.56	81.312
859.81	81.072
860.06	80.871
860.31	81.007
860.56	81.485
860.81	84.156
861.06	84.549
861.31	84.409
861.56	84.442
861.80	84.197
862.05	86.701
862.30	86.128
862.55	87.659
862.80	89.842
863.05	89.924
863.30	92.479
863.55	91.486
863.79	91.325
864.04	89.861
864.29	90.568
864.54	92.237
864.79	92.361
865.04	94.941
865.29	93.888
865.54	93.148
865.78	92.519
866.03	92.447
866.28	93.692
866.53	93.808
866.78	91.112
867.03	90.724
867.28	96.706
867.52	96.744
867.77	92.557
868.02	92.776
868.27	91.902
868.52	92.532
868.77	93.789
869.02	93.920
869.26	91.783
869.51	91.212
869.76	94.282
870.01	93.445
870.26	90.979
870.51	89.517
870.76	88.252
871.00	91.601
871.25	88.449
871.50	88.563
871.75	89.810
872.00	91.704
872.25	89.444
872.49	89.170
872.74	87.206
872.99	88.831
873.24	88.006
873.49	86.470
873.74	84.457
873.98	84.692
874.23	82.928
874.48	81.607
874.73	82.544
874.98	82.813
875.23	79.583
875.47	79.254
875.72	78.942
875.97	80.265
876.22	80.215
876.47	77.349
876.72	77.514
876.96	74.766
877.21	73.277
877.46	72.834
877.71	72.300
877.96	71.062
878.20	68.260
878.45	67.803
878.70	65.963
878.95	65.368
879.20	64.760
879.45	61.297
879.69	60.150
879.94	61.436
880.19	59.540
880.44	58.621
880.69	55.749
880.93	55.837
881.18	53.159
881.43	52.349
881.68	51.089
881.93	50.387
882.17	50.612
882.42	49.392
882.67	47.115
882.92	46.420
883.17	42.518
883.41	40.349
883.66	42.141
883.91	40.767
884.16	40.200
884.41	36.321
884.65	35.443
884.90	35.986
885.15	33.640
885.40	32.838
885.64	31.489
885.89	29.857
886.14	27.778
886.39	28.442
886.64	29.385
886.88	24.195
887.13	23.366
887.38	24.209
887.63	23.293
887.88	20.141
888.12	18.133
888.37	18.462
888.62	16.066
888.87	14.345
889.11	13.395
889.36	13.048
889.61	11.651
889.86	10.857
890.10	9.058
890.35	7.654
890.60	8.359
890.85	8.991
891.10	7.262
891.34	6.795
891.59	3.940
891.84	2.796
892.09	3.438
892.33	3.151
892.58	2.831
892.83	4.402
893.08	5.496
893.32	1.118
893.57	0.692
893.82	0.063
894.07	0.901
894.31	2.839
894.56	3.472
894.81	2.429
895.06	-1.621
895.30	0.644
895.55	-0.513
895.80	0.926
896.05	0.421
896.29	1.956
896.54	3.048
896.79	1.772
897.04	3.127
897.28	4.394
897.53	2.771
897.78	2.218
898.03	7.129
898.27	8.377
898.52	5.905
898.77	6.795
899.01	8.486
899.26	8.566
899.51	6.782
899.76	9.819
900.00	9.123
900.25	9.693
900.50	12.277
900.75	12.450
900.99	13.960
901.24	14.256
901.49	17.476
901.73	18.138
901.98	20.098
902.23	18.839
902.48	19.973
902.72	22.488
902.97	24.003
903.22	26.563
903.47	25.934
903.71	28.060
903.96	27.516
904.21	29.304
904.45	29.061
904.70	30.392
904.95	31.552
905.20	34.035
905.44	35.775
905.69	39.786
905.94	38.211
906.18	36.411
906.43	39.470
906.68	40.405
906.92	39.690
907.17	45.185
907.42	46.090
907.67	48.042
907.91	46.736
908.16	46.870
908.41	50.839
908.65	54.141
908.90	55.070
909.15	52.615
909.39	52.392
909.64	55.471
909.89	54.815
910.13	60.820
910.38	61.727
910.63	57.761
910.88	61.141
911.12	59.937
911.37	60.401
911.62	61.503
911.86	65.109
912.11	63.133
912.36	66.903
912.60	69.276
912.85	70.180
913.10	73.984
913.34	71.078
913.59	69.150
913.84	72.115
914.08	78.468
914.33	78.141
914.58	79.188
914.82	78.635
915.07	80.422
915.32	80.525
915.56	82.264
915.81	82.040
916.06	83.839
916.30	80.467
916.55	81.033
916.80	84.220
917.04	85.222
917.29	88.879
917.54	88.056
917.78	86.754
918.03	82.620
918.28	89.206
918.52	89.440
918.77	87.851
919.02	91.527
919.26	89.871
919.51	89.247
919.76	92.512
920.00	90.987
920.25	86.004
920.49	90.386
920.74	90.500
920.99	89.382
921.23	94.433
921.48	93.762
921.73	90.799
921.97	91.524
922.22	91.961
922.47	94.767
922.71	99.519
922.96	95.580
923.21	96.597
923.45	99.592
923.70	96.358
923.94	92.701
924.19	97.158
924.44	102.469
924.68	95.248
924.93	89.275
925.18	94.652
925.42	97.778
925.67	95.298
925.91	93.525
926.16	88.507
926.41	95.824
926.65	101.575
926.90	96.401
927.15	93.376
927.39	94.643
927.64	94.150
927.88	91.531
928.13	93.518
928.38	98.324
928.62	91.138
928.87	88.596
929.11	89.659
929.36	91.008
929.61	92.036
929.85	91.743
930.10	92.102
930.34	89.085
930.59	85.124
930.84	84.437
931.08	91.930
931.33	91.201
931.57	88.163
931.82	86.513
932.07	86.263
932.31	86.881
932.56	84.525
932.80	86.800
933.05	90.969
933.30	84.459
933.54	81.061
933.79	84.953
934.03	81.250
934.28	84.712
934.53	77.191
934.77	81.791
935.02	77.523
935.26	72.701
935.51	79.772
935.76	74.766
936.00	74.450
936.25	70.813
936.49	64.299
936.74	69.863
936.98	69.792
937.23	70.502
937.48	78.455
937.72	72.727
937.97	63.972
938.21	72.081
938.46	69.231
938.70	72.494
938.95	68.365
939.20	74.309
939.44	78.933
939.69	61.905
939.93	57.310
940.18	61.947
940.42	54.286
940.67	73.897
940.92	62.414
941.16	59.871
941.41	58.730
941.65	60.137
941.90	59.160
942.14	65.574
942.39	63.426
942.63	53.676
942.88	45.965
943.13	48.437
943.37	35.565
943.62	45.522
943.86	46.324
944.11	39.803
944.35	38.113
944.60	42.324
944.84	42.857
945.09	42.517
945.34	28.251
945.58	40.417
945.83	40.351
946.07	38.535
946.32	18.794
946.56	17.949
946.81	8.962
947.05	16.746
947.30	13.971
947.54	22.148
947.79	22.140
948.03	21.812
948.28	24.904
948.53	6.960
948.77	33.962
949.02	28.197
949.26	15.152
949.51	24.675
949.75	14.610
950.00	9.901
950.24	19.333
950.49	24.324
950.73	8.027
950.98	-0.345
951.22	8.333
951.47	8.406
951.71	13.934
951.96	7.714
952.20	6.017
952.45	-2.663
952.69	-5.666
952.94	6.601
953.18	10.250
953.43	9.711
953.67	0.857
953.92	10.317
954.16	14.610
954.41	-1.966
954.65	11.413
954.90	8.377
955.14	12.950
955.39	6.683
955.63	5.637
955.88	9.561
956.12	9.549
956.37	6.281
956.61	9.238
956.86	13.098
957.10	3.955
957.35	3.599
957.59	2.993
957.84	6.030
958.08	8.997
958.33	8.586
958.57	-1.456
958.82	-5.569
959.06	-8.594
959.31	12.201
959.55	1.741
959.80	2.228
960.04	2.200
960.29	8.605
960.53	0.000
960.78	3.421
961.02	6.952
961.27	6.801
961.51	10.185
961.76	16.507
962.00	18.792
962.25	14.754
962.49	16.967
962.74	18.519
962.98	14.989
963.23	11.860
963.47	15.752
963.71	3.526
963.96	4.724
964.20	7.105
964.45	8.789
964.69	16.404
964.94	19.617
965.18	21.780
965.43	22.062
965.67	16.302
965.92	28.537
966.16	23.460
966.41	22.689
966.65	28.571
966.89	28.728
967.14	22.667
967.38	18.345
967.63	30.901
967.87	34.884
968.12	31.057
968.36	26.146
968.61	32.542
968.85	33.890
969.10	37.560
969.34	42.093
969.58	37.346
969.83	31.317
970.07	32.028
970.32	39.651
970.56	40.000
970.81	48.193
971.05	55.030
971.29	46.176
971.54	30.914
971.78	43.687
972.03	44.759
972.27	39.941
972.52	49.757
972.76	57.711
973.00	54.028
973.25	58.250
973.49	68.360
973.74	67.385
973.98	66.057
974.23	64.461
974.47	60.759
974.71	56.948
974.96	53.608
975.20	57.179
975.45	66.142
975.69	66.585
975.94	65.796
976.18	60.000
976.42	50.954
976.67	58.416
976.91	65.509
977.16	63.902
977.40	66.230
977.64	68.305
977.89	66.355
978.13	64.578
978.38	78.554
978.62	79.241
978.86	79.344
979.11	80.734
979.35	73.684
979.60	84.987
979.84	72.513
980.08	68.733
980.33	81.347
980.57	92.286
980.82	85.714
981.06	76.101
981.30	82.544
981.55	91.270
981.79	89.881
982.04	79.448
982.28	79.837
982.52	73.418
982.77	81.295
983.01	86.835
983.26	94.426
983.50	92.698
983.74	85.612
983.99	83.333
984.23	85.385
984.48	80.679
984.72	75.578
984.96	78.358
985.21	77.135
985.45	75.833
985.69	89.683
985.94	95.333
986.18	88.732
986.43	84.946
986.67	91.718
986.91	86.364
987.16	92.384
987.40	102.310
987.64	87.213
987.89	94.371
988.13	90.592
988.37	85.580
988.62	90.058
988.86	84.573
989.11	94.498
989.35	113.208
989.59	115.658
989.84	94.667
990.08	98.462
990.32	95.783
990.57	116.304
990.81	108.394
991.05	93.857
991.30	90.876
991.54	96.370
991.78	76.299
992.03	75.723
992.27	93.528
992.51	92.683
992.76	84.815
993.00	91.304
993.25	98.545
993.49	81.071
993.73	72.930
993.98	98.762
994.22	102.930
994.46	95.517
994.71	96.552
994.95	92.414
995.19	84.739
995.44	93.066
995.68	94.306
995.92	83.226
996.17	80.060
996.41	90.102
996.65	82.026
996.90	79.705
997.14	87.342
997.38	93.562
997.63	75.107
997.87	86.809
998.11	80.063
998.36	84.502
998.60	83.582
998.84	68.561
999.08	75.908
999.33	87.586
999.57	89.823
999.81	79.638
1000.06	74.074
1000.30	90.426
1000.54	86.139
1000.79	91.026
1001.03	63.799
1001.27	79.600
1001.52	78.800
1001.76	70.124
1002.00	86.331
1002.25	77.866
1002.49	82.906
1002.73	74.915
1002.97	69.549
1003.22	81.696
1003.46	79.675
1003.70	79.918
1003.95	86.939
1004.19	75.556
1004.43	59.245
1004.68	73.846
1004.92	72.000
1005.16	75.304
1005.40	72.470
1005.65	73.077
1005.89	72.174
1006.13	69.672
1006.38	57.795
1006.62	66.308
1006.86	62.182
1007.10	78.641
1007.35	73.303
1007.59	61.034
1007.83	49.799
1008.08	61.847
1008.32	70.787
1008.56	57.143
1008.80	33.929
1009.05	51.155
1009.29	70.356
1009.53	57.265
1009.77	54.854
1010.02	56.735
1010.26	43.701
1010.50	39.231
1010.75	38.491
1010.99	47.791
1011.23	46.218
1011.47	47.518
1011.72	43.137
1011.96	28.972
1012.20	41.704
1012.44	46.614
1012.69	48.097
1012.93	38.127
1013.17	45.536
1013.41	45.868
1013.66	57.955
1013.90	51.417
1014.14	15.918
1014.38	35.039
1014.63	39.689
1014.87	28.311
1015.11	35.965
1015.35	39.615
1015.60	60.166
1015.84	48.182
1016.08	29.365
1016.32	30.645
1016.57	39.352
1016.81	35.025
1017.05	26.020
1017.29	30.319
1017.54	26.667
1017.78	25.980
1018.02	29.952
1018.26	42.126
1018.51	29.075
1018.75	19.745
1018.99	21.127
1019.23	36.364
1019.48	33.679
1019.72	24.118
1019.96	20.918
1020.20	22.024
1020.44	24.242
1020.69	11.732
1020.93	6.742
1021.17	10.582
1021.41	-4.459
1021.66	7.303
1021.90	9.143
1022.14	12.500
1022.38	9.615
1022.62	8.284
1022.87	-9.740
1023.11	-18.182
1023.35	-15.328
1023.59	15.500
1023.84	-4.412
1024.08	-7.463
1024.32	20.500
1024.56	9.730
1024.80	6.557
1025.05	-15.385
1025.29	16.568
1025.53	26.531
1025.77	-6.604
1026.01	-9.877
1026.26	-5.854
1026.50	-0.581
1026.74	-22.152
1026.98	23.494
1027.22	18.797
1027.47	39.545
1027.71	17.514
1027.95	7.432
1028.19	-4.762
1028.43	-21.101
1028.68	-11.382
1028.92	16.316
1029.16	29.927
1029.40	26.797
1029.64	4.580
1029.89	16.296
1030.13	-46.721
1030.37	1.481
1030.61	23.288
1030.85	5.344
1031.09	-26.761
1031.34	0.680
1031.58	-5.319
1031.82	-4.478
1032.06	26.966
1032.30	-5.660
1032.55	-31.765
1032.79	-10.667
1033.03	-13.821
1033.27	11.268
1033.51	-32.075
1033.75	-30.392
1034.00	15.596
1034.24	-36.364
1034.48	-42.647
1034.72	-34.831
1034.96	11.688
1035.20	-20.536
1035.45	4.255
1035.69	14.545
1035.93	-6.780
1036.17	22.609
1036.41	11.679
1036.65	27.273
1036.89	13.953
1037.14	23.214
1037.38	10.924
1037.62	13.380
1037.86	33.113
1038.10	41.441
1038.34	57.273
1038.59	44.872
1038.83	56.250
1039.07	28.182
1039.31	8.219
1039.55	-43.662
1039.79	-9.890
1040.03	44.186
1040.28	76.068
1040.52	36.170
1040.76	24.561
1041.00	44.628
1041.24	82.609
1041.48	69.388
1041.72	28.767
1041.97	75.556
1042.21	-21.951
1042.45	-18.400
1042.69	5.405
1042.93	37.647
1043.17	12.821
1043.41	34.454
1043.65	30.370
1043.90	49.007
1044.14	42.553
1044.38	28.571
1044.62	64.045
1044.86	64.286
1045.10	46.429
1045.34	68.966
1045.58	95.238
1045.83	52.113
1046.07	42.353
1046.31	50.000
1046.55	52.885
1046.79	58.904
1047.03	27.632
1047.27	8.642
1047.51	19.101
1047.75	70.000
1048.00	68.182
1048.24	42.466
1048.48	-6.250
1048.72	-7.895
1048.96	34.043
1049.20	33.333
1049.44	76.667
1049.68	72.566
1049.92	47.222
1050.16	53.608
1050.41	51.471
1050.65	101.852
1050.89	45.652
1051.13	54.167
1051.37	44.000
1051.61	-14.286
1051.85	22.222
1052.09	71.429
1052.33	27.660
1052.57	72.222
1052.81	48.454
1053.06	58.015
1053.30	73.973
1053.54	38.462
1053.78	-4.762
1054.02	62.500
1054.26	53.659
1054.50	45.783
1054.74	71.429
1054.98	121.667
1055.22	146.154
1055.46	172.973
1055.70	107.895
1055.94	134.286
1056.19	100.000
1056.43	82.432
1056.67	61.905
1056.91	69.892
1057.15	23.636
1057.39	-169.231
1057.63	71.605
1057.87	68.354
1058.11	42.708
1058.35	36.735
1058.59	81.250
1058.83	68.421
1059.07	97.333
1059.31	72.727
1059.55	93.333
1059.79	86.765
1060.04	68.966
1060.28	-1000.000
1060.52	-11.429
1060.76	102.632
1061.00	75.269
1061.24	76.923
1061.48	80.208
1061.72	121.569
1061.96	110.714
1062.20	105.263
1062.44	40.625
1062.68	73.469
1062.92	149.091
1063.16	95.833
1063.40	105.172
1063.64	268.966
1063.88	-1250.000
1064.12	113.043
1064.36	81.633
1064.60	47.826
1064.84	103.704
1065.08	79.104
1065.32	17.391
1065.57	69.697
1065.81	105.634
1066.05	82.895
1066.29	20.000
1066.53	70.588
1066.77	207.407
1067.01	500.000
1067.25	-200.000
1067.49	-260.000
1067.73	-42.857
1067.97	100.000
1068.21	73.333
1068.45	76.190
1068.69	42.105
1068.93	-19.231
1069.17	20.930
1069.41	102.273
1069.65	75.000
1069.89	57.471
1070.13	61.765
1070.37	500.000
1070.61	0.000
1070.85	115.152
1071.09	108.889
1071.33	105.970
1071.57	63.415
1071.81	47.561
1072.05	126.667
1072.29	-57.143
1072.53	74.074
1072.77	77.551
1073.01	126.786
1073.25	46.939
1073.49	82.353
1073.73	211.538
1073.97	1300.000
1074.21	-460.000
1074.45	-133.333
1074.69	37.931
1074.93	65.385
1075.17	472.727
1075.41	210.870
1075.65	103.846
1075.89	-400.000
1076.13	-40.741
1076.37	87.755
1076.61	-9.859
1076.85	100.000
1077.09	20.000
1077.33	20.000
1077.57	0.000
1077.81	-38.710
1078.05	-37.143
1078.29	11.538
1078.53	19.767
1078.77	113.793
1079.01	128.125
1079.24	108.571
1079.48	-19.565
1079.72	0.000
1079.96	0.000
1080.20	113.793
1080.44	100.000
1080.68	-766.667
1080.92	125.000
1081.16	53.704
1081.40	46.032
1081.64	46.939
1081.88	47.368
1082.12	173.913
1082.36	68.750
1082.60	44.444
1082.84	87.500
1083.08	130.233
1083.32	155.556
1083.56	88.889
1083.80	-66.667
1084.04	28.571
1084.28	242.857
1084.52	283.333
1084.75	17.857
1084.99	93.333
1085.23	-36.364
1085.47	200.000
1085.71	-266.667
1085.95	158.333
1086.19	218.519
1086.43	318.182
1086.67	-240.000
1086.91	145.161
1087.15	70.968
1087.39	200.000
1087.63	-142.857
1087.87	-141.176
1088.11	104.762
1088.35	102.941
1088.58	196.667
1088.82	122.857
1089.06	-366.667
1089.30	250.000
1089.54	20.000
1089.78	103.030
1090.02	1600.000
1090.26	183.333
1090.50	-750.000
1090.74	7.692
1090.98	91.667
1091.22	-433.333
1091.46	-2900.000
1091.69	83.673
1091.93	103.571
1092.17	14.706
1092.41	277.778
1092.65	38.095
1092.89	-8.333
1093.13	190.909
1093.37	11.111
1093.61	57.778
1093.85	-44.444
1094.09	175.000
1094.32	158.333
1094.56	20.000
1094.80	80.000
1095.04	-48.780
1095.28	-50.000
1095.52	233.333
1095.76	70.492
1096.00	130.000
1096.24	230.000
1096.47	150.000
1096.71	433.333
1096.95	94.118
1097.19	281.250
1097.43	-57.143
1097.67	100.000
1097.91	40.000
1098.15	95.238
1098.39	123.077
1098.62	146.429
1098.86	-4.545
1099.10	23.333
1099.34	0.000
1099.58	50.000
1099.82	0.000
1100.06	121.429
1100.30	50.000
1100.53	100.000
1100.77	166.667
1101.01	-127.273
1101.25	0.000
1101.49	1.923
1101.73	-242.857
1101.97	132.558
1102.21	27.273
1102.44	127.586
1102.68	90.000
1102.92	160.000
1103.16	155.172
1103.40	190.909
1103.64	116.667
1103.88	-580.000
1104.11	85.714
1104.35	-80.000
1104.59	33.333
1104.83	306.250
1105.07	23.810
1105.31	-237.500
1105.55	82.759
1105.78	104.255
1106.02	72.727
1106.26	-115.385
1106.50	-130.000
1106.74	31.250
1106.98	1100.000
1107.22	78.261
1107.45	20.000
1107.69	-13.043
1107.93	12.500
1108.17	127.273
1108.41	57.143
1108.65	-13.889
1108.88	266.667
1109.12	79.592
1109.36	-1500.000
1109.60	575.000
1109.84	8100.000
1110.08	-166.667
1110.31	-28.571
1110.55	174.194
1110.79	-3.448
1111.03	-50.000
1111.27	42.424
1111.51	-48.148
1111.74	18.182
1111.98	41.176
1112.22	17.073
1112.46	300.000
1112.70	-92.593
1112.93	-90.000
1113.17	83.871
1113.41	51.220
1113.65	-14.286
1113.89	100.000
1114.13	176.471
1114.36	69.444
1114.60	94.872
1114.84	58.140
1115.08	103.846
1115.32	51.724
1115.55	15.385
1115.79	22.222
1116.03	-580.000
1116.27	-150.000
1116.51	-93.333
1116.74	186.364
1116.98	-466.667
1117.22	40.909
1117.46	97.826
1117.70	78.261
1117.93	17.857
1118.17	0.000
1118.41	238.889
1118.65	275.000
1118.89	118.750
1119.12	125.000
1119.36	13.462
1119.60	121.429
1119.84	236.842
1120.07	-2800.000
1120.31	223.077
1120.55	83.333
1120.79	167.742
1121.03	466.667
1121.26	44.118
1121.50	31.250
1121.74	100.000
1121.98	79.412
1122.21	47.500
1122.45	-100.000
1122.69	104.444
1122.93	-166.667
1123.17	-466.667
1123.40	318.519
1123.64	221.429
1123.88	166.667
1124.12	61.538
1124.35	137.500
1124.59	120.000
1124.83	22.857
1125.07	136.364
1125.30	-260.000
1125.54	-160.000
1125.78	300.000
1126.02	102.778
