195.27	-211.765
195.55	-115.789
195.82	7.292
196.09	-84.615
196.36	-58.824
196.63	32.258
196.90	82.759
197.17	-12.000
197.44	-433.333
197.71	205.000
197.98	0.000
198.25	240.000
198.52	336.842
198.79	353.846
199.06	252.941
199.33	1125.000
199.60	-412.500
199.87	32.979
200.14	7.385
200.42	6.402
200.69	8.072
200.96	7.317
201.23	11.677
201.50	19.919
201.77	15.278
202.04	6.043
202.31	14.951
202.58	2.371
202.85	7.769
203.12	8.766
203.39	10.517
203.66	12.105
203.93	13.345
204.20	2.422
204.47	0.000
204.74	3.894
205.01	5.387
205.28	6.830
205.55	7.178
205.82	12.908
206.09	4.897
206.36	7.704
206.63	9.385
206.90	3.420
207.17	3.616
207.45	8.640
207.72	14.545
207.99	10.193
208.26	7.532
208.53	4.781
208.80	4.394
209.07	1.693
209.34	3.053
209.61	4.005
209.88	5.161
210.15	6.950
210.42	1.289
210.69	0.517
210.96	6.314
211.23	5.582
211.50	8.215
211.77	5.486
212.04	6.332
212.31	5.930
212.58	1.798
212.85	1.954
213.12	5.614
213.39	7.478
213.66	4.132
213.93	5.503
214.20	4.907
214.47	6.963
214.74	7.890
215.01	10.561
215.28	6.988
215.55	6.744
215.82	7.294
216.09	3.940
216.36	3.775
216.63	7.042
216.90	4.015
217.17	3.176
217.44	3.795
217.71	5.565
217.98	1.285
218.25	-0.437
218.52	5.366
218.79	7.380
219.06	7.948
219.33	5.174
219.60	3.389
219.87	3.866
220.14	4.257
220.41	6.817
220.68	5.886
220.95	5.055
221.22	5.387
221.49	4.726
221.76	4.040
222.03	4.450
222.30	2.218
222.57	3.426
222.84	4.258
223.11	5.465
223.38	2.842
223.65	2.301
223.92	0.971
224.19	4.691
224.46	4.430
224.73	4.082
225.00	3.032
225.27	3.564
225.54	3.700
225.81	2.737
226.08	3.363
226.35	4.825
226.62	2.886
226.89	2.594
227.16	3.517
227.43	1.576
227.70	3.501
227.97	2.428
228.24	3.563
228.51	4.050
228.78	2.433
229.05	3.583
229.32	3.504
229.58	3.021
229.85	5.117
230.12	4.909
230.39	4.136
230.66	3.630
230.93	3.102
231.20	3.766
231.47	3.828
231.74	5.030
232.01	4.206
232.28	2.476
232.55	1.535
232.82	3.038
233.09	2.828
233.36	2.154
233.63	2.709
233.90	3.281
234.17	3.536
234.44	1.866
234.71	2.382
234.98	2.638
235.25	2.813
235.52	2.718
235.79	2.837
236.06	2.809
236.32	1.703
236.59	2.087
236.86	3.310
237.13	3.784
237.40	4.689
237.67	2.954
237.94	3.352
238.21	2.999
238.48	2.340
238.75	2.109
239.02	2.481
239.29	3.798
239.56	4.069
239.83	3.953
240.10	4.003
240.37	2.774
240.64	2.527
240.91	2.032
241.17	3.106
241.44	3.779
241.71	3.244
241.98	3.039
242.25	2.623
242.52	3.161
242.79	4.162
243.06	3.029
243.33	2.783
243.60	3.678
243.87	2.989
244.14	2.617
244.41	1.803
244.68	3.292
244.95	3.151
245.21	3.418
245.48	3.320
245.75	1.830
246.02	1.976
246.29	1.937
246.56	1.232
246.83	2.210
247.10	1.590
247.37	1.810
247.64	2.124
247.91	3.269
248.18	4.303
248.45	5.171
248.71	3.768
248.98	3.243
249.25	3.209
249.52	2.944
249.79	2.949
250.06	3.455
250.33	3.504
250.60	2.976
250.87	2.802
251.14	2.646
251.41	3.058
251.68	3.867
251.94	3.297
252.21	3.080
252.48	3.579
252.75	3.673
253.02	3.193
253.29	3.156
253.56	2.508
253.83	3.216
254.10	2.925
254.37	3.470
254.63	3.510
254.90	3.923
255.17	3.197
255.44	2.264
255.71	2.532
255.98	2.235
256.25	2.390
256.52	3.517
256.79	3.969
257.06	3.188
257.32	2.256
257.59	3.563
257.86	3.822
258.13	3.271
258.40	3.288
258.67	3.049
258.94	3.075
259.21	3.609
259.48	3.932
259.74	3.001
260.01	2.719
260.28	2.625
260.55	2.412
260.82	3.053
261.09	3.841
261.36	3.721
261.63	3.679
261.89	4.332
262.16	3.910
262.43	3.442
262.70	3.146
262.97	3.472
263.24	3.864
263.51	3.895
263.78	4.036
264.05	3.453
264.31	3.741
264.58	3.180
264.85	3.938
265.12	4.803
265.39	4.393
265.66	4.075
265.93	4.232
266.19	3.899
266.46	4.743
266.73	5.441
267.00	4.893
267.27	4.741
267.54	3.999
267.81	5.063
268.08	5.310
268.34	4.883
268.61	4.405
268.88	4.355
269.15	4.340
269.42	3.590
269.69	3.800
269.96	3.886
270.22	4.413
270.49	4.275
270.76	4.320
271.03	3.691
271.30	3.849
271.57	4.447
271.84	3.176
272.10	3.325
272.37	4.342
272.64	4.703
272.91	4.119
273.18	3.959
273.45	3.203
273.72	3.554
273.98	4.080
274.25	3.779
274.52	3.715
274.79	5.057
275.06	4.880
275.33	3.817
275.59	4.887
275.86	4.986
276.13	4.997
276.40	4.067
276.67	4.677
276.94	4.517
277.20	4.209
277.47	3.504
277.74	4.144
278.01	5.217
278.28	5.260
278.55	5.022
278.81	4.621
279.08	4.773
279.35	5.217
279.62	4.594
279.89	4.982
280.16	5.451
280.42	5.002
280.69	4.224
280.96	5.024
281.23	5.497
281.50	4.178
281.77	4.529
282.03	4.914
282.30	4.583
282.57	4.605
282.84	5.076
283.11	5.092
283.38	5.103
283.64	5.058
283.91	4.223
284.18	4.908
284.45	5.495
284.72	5.252
284.98	5.500
285.25	5.387
285.52	4.747
285.79	4.516
286.06	4.861
286.33	4.887
286.59	5.154
286.86	5.549
287.13	4.802
287.40	4.816
287.67	5.346
287.93	5.555
288.20	6.099
288.47	4.260
288.74	4.287
289.01	4.577
289.27	5.457
289.54	4.979
289.81	4.978
290.08	5.171
290.35	4.646
290.61	4.409
290.88	4.427
291.15	5.239
291.42	4.801
291.69	5.027
291.95	4.992
292.22	5.486
292.49	5.039
292.76	5.105
293.03	5.341
293.29	4.666
293.56	4.321
293.83	5.395
294.10	5.463
294.37	5.688
294.63	4.732
294.90	4.513
295.17	4.469
295.44	5.000
295.70	4.628
295.97	5.427
296.24	5.854
296.51	5.044
296.78	4.890
297.04	4.670
297.31	4.754
297.58	4.602
297.85	4.430
298.11	4.554
298.38	5.293
298.65	5.638
298.92	5.263
299.19	4.780
299.45	4.718
299.72	5.248
299.99	4.347
300.26	4.548
300.52	4.464
300.79	4.537
301.06	5.138
301.33	4.658
301.60	4.899
301.86	4.690
302.13	4.954
302.40	4.844
302.67	4.865
302.93	5.179
303.20	5.548
303.47	5.812
303.74	4.726
304.00	5.008
304.27	5.005
304.54	4.747
304.81	5.502
305.07	6.129
305.34	5.304
305.61	4.998
305.88	5.785
306.15	5.315
306.41	4.476
306.68	4.995
306.95	5.097
307.22	5.475
307.48	4.884
307.75	4.205
308.02	4.518
308.29	4.632
308.55	5.109
308.82	5.432
309.09	5.226
309.36	5.270
309.62	4.465
309.89	5.096
310.16	4.477
310.42	4.399
310.69	4.525
310.96	5.624
311.23	5.656
311.49	5.168
311.76	4.941
312.03	5.172
312.30	5.374
312.56	4.776
312.83	5.277
313.10	5.223
313.37	4.712
313.63	4.945
313.90	4.954
314.17	4.618
314.44	4.587
314.70	4.721
314.97	4.966
315.24	4.754
315.50	5.671
315.77	5.108
316.04	4.570
316.31	5.246
316.57	5.153
316.84	4.562
317.11	4.677
317.38	4.521
317.64	4.997
317.91	4.798
318.18	4.856
318.44	5.779
318.71	5.541
318.98	4.432
319.25	4.705
319.51	4.890
319.78	5.214
320.05	5.086
320.31	5.106
320.58	5.013
320.85	5.157
321.12	5.557
321.38	4.986
321.65	4.622
321.92	5.130
322.18	4.872
322.45	4.794
322.72	5.194
322.99	5.274
323.25	5.276
323.52	4.929
323.79	5.381
324.05	5.317
324.32	5.008
324.59	4.755
324.86	5.314
325.12	5.366
325.39	4.525
325.66	4.196
325.92	4.355
326.19	4.841
326.46	4.741
326.72	4.534
326.99	4.636
327.26	5.379
327.52	5.455
327.79	5.203
328.06	4.418
328.33	4.129
328.59	5.043
328.86	4.848
329.13	4.640
329.39	4.875
329.66	4.719
329.93	5.084
330.19	4.936
330.46	5.430
330.73	5.511
330.99	5.259
331.26	4.948
331.53	4.471
331.79	4.286
332.06	4.023
332.33	4.341
332.60	5.794
332.86	6.006
333.13	4.812
333.40	4.523
333.66	4.471
333.93	4.503
334.20	4.705
334.46	5.734
334.73	6.258
335.00	4.957
335.26	4.674
335.53	5.502
335.80	5.370
336.06	4.526
336.33	3.965
336.60	4.457
336.86	5.027
337.13	5.392
337.40	4.229
337.66	4.286
337.93	5.480
338.20	5.599
338.46	5.521
338.73	4.980
339.00	4.615
339.26	5.035
339.53	5.299
339.80	5.160
340.06	4.217
340.33	5.281
340.60	5.861
340.86	5.563
341.13	5.509
341.40	4.606
341.66	5.598
341.93	5.320
342.19	5.153
342.46	5.076
342.73	6.041
342.99	5.461
343.26	4.787
343.53	5.747
343.79	5.471
344.06	5.011
344.33	6.151
344.59	5.262
344.86	5.020
345.13	4.239
345.39	3.739
345.66	3.150
345.93	5.395
346.19	5.603
346.46	5.186
346.72	4.700
346.99	5.089
347.26	5.787
347.52	4.695
347.79	5.319
348.06	5.312
348.32	5.604
348.59	5.478
348.86	4.723
349.12	4.953
349.39	5.171
349.65	5.009
349.92	5.547
350.19	5.398
350.45	5.160
350.72	5.336
350.99	5.901
351.25	5.696
351.52	5.599
351.78	5.707
352.05	5.867
352.32	5.598
352.58	5.297
352.85	5.329
353.12	5.129
353.38	5.708
353.65	5.834
353.91	5.500
354.18	5.867
354.45	6.161
354.71	6.112
354.98	6.524
355.24	4.953
355.51	4.735
355.78	5.063
356.04	6.149
356.31	6.052
356.58	5.481
356.84	5.720
357.11	5.431
357.37	5.947
357.64	5.633
357.91	5.240
358.17	4.739
358.44	6.174
358.70	5.752
358.97	5.165
359.24	4.943
359.50	4.644
359.77	4.808
360.03	5.274
360.30	5.423
360.57	5.277
360.83	4.917
361.10	5.269
361.36	6.242
361.63	5.801
361.90	4.952
362.16	4.717
362.43	5.441
362.69	5.464
362.96	5.873
363.23	5.861
363.49	5.549
363.76	5.451
364.02	6.048
364.29	6.170
364.55	5.766
364.82	5.996
365.09	5.986
365.35	5.217
365.62	5.322
365.88	4.724
366.15	5.452
366.42	5.626
366.68	5.869
366.95	5.242
367.21	5.410
367.48	5.464
367.74	6.006
368.01	5.149
368.28	5.446
368.54	5.305
368.81	5.108
369.07	5.394
369.34	5.526
369.60	5.443
369.87	5.348
370.14	5.349
370.40	5.279
370.67	5.323
370.93	5.297
371.20	6.151
371.46	5.770
371.73	6.475
372.00	6.740
372.26	5.216
372.53	5.396
372.79	5.461
373.06	5.949
373.32	5.630
373.59	5.649
373.85	6.202
374.12	6.256
374.39	6.160
374.65	4.741
374.92	5.143
375.18	6.202
375.45	5.452
375.71	5.361
375.98	4.615
376.24	5.086
376.51	5.892
376.78	4.923
377.04	4.947
377.31	5.128
377.57	4.552
377.84	5.064
378.10	4.999
378.37	5.804
378.63	5.419
378.90	5.447
379.16	5.755
379.43	5.402
379.70	5.129
379.96	5.618
380.23	6.190
380.49	5.503
380.76	5.140
381.02	5.236
381.29	5.464
381.55	5.841
381.82	5.429
382.08	5.219
382.35	5.532
382.61	5.737
382.88	5.716
383.15	5.294
383.41	5.207
383.68	5.092
383.94	5.081
384.21	5.005
384.47	5.245
384.74	5.667
385.00	5.088
385.27	4.741
385.53	5.155
385.80	5.373
386.06	5.997
386.33	5.858
386.59	5.772
386.86	5.614
387.12	5.595
387.39	6.043
387.65	6.502
387.92	6.606
388.18	5.667
388.45	5.303
388.71	5.924
388.98	6.371
389.24	6.556
389.51	6.127
389.78	5.983
390.04	6.184
390.31	5.345
390.57	5.438
390.84	5.748
391.10	6.092
391.37	5.962
391.63	5.846
391.90	5.726
392.16	5.982
392.43	6.445
392.69	5.230
392.96	5.627
393.22	5.468
393.49	5.664
393.75	5.798
394.02	6.354
394.28	5.534
394.55	5.140
394.81	5.033
395.08	5.522
395.34	5.869
395.61	5.952
395.87	5.345
396.14	5.345
396.40	5.085
396.67	5.894
396.93	5.930
397.19	5.598
397.46	6.077
397.72	5.072
397.99	5.239
398.25	5.289
398.52	4.840
398.78	5.652
399.05	5.734
399.31	5.764
399.58	6.307
399.84	5.851
400.11	5.431
400.37	5.574
400.64	6.148
400.90	5.794
401.17	5.086
401.43	4.389
401.70	5.008
401.96	4.991
402.23	4.785
402.49	4.778
402.76	5.039
403.02	4.927
403.29	4.716
403.55	5.191
403.81	5.523
404.08	5.506
404.34	4.588
404.61	4.084
404.87	4.218
405.14	4.809
405.40	4.924
405.67	4.848
405.93	4.507
406.20	4.548
406.46	4.099
406.73	4.484
406.99	5.659
407.25	5.304
407.52	4.928
407.78	4.827
408.05	5.009
408.31	4.422
408.58	4.858
408.84	6.063
409.11	5.442
409.37	4.900
409.64	5.309
409.90	4.998
410.16	5.553
410.43	5.697
410.69	5.651
410.96	5.354
411.22	4.851
411.49	4.626
411.75	4.599
412.02	4.782
412.28	4.748
412.54	4.674
412.81	4.252
413.07	3.841
413.34	4.050
413.60	3.981
413.87	3.743
414.13	3.972
414.40	4.639
414.66	3.761
414.92	3.512
415.19	3.546
415.45	3.667
415.72	3.717
415.98	3.914
416.25	4.017
416.51	4.372
416.77	4.402
417.04	4.116
417.30	4.185
417.57	3.532
417.83	4.011
418.10	4.313
418.36	4.811
418.62	4.514
418.89	4.394
419.15	4.638
419.42	4.914
419.68	5.062
419.95	5.486
420.21	6.008
420.47	6.143
420.74	5.850
421.00	5.179
421.27	5.676
421.53	5.408
421.79	5.622
422.06	5.001
422.32	5.014
422.59	5.305
422.85	5.356
423.11	5.596
423.38	4.944
423.64	4.632
423.91	4.863
424.17	5.134
424.44	4.125
424.70	3.501
424.96	3.435
425.23	3.030
425.49	3.451
425.76	2.763
426.02	3.016
426.28	2.475
426.55	2.225
426.81	2.259
427.08	3.031
427.34	2.824
427.60	2.728
427.87	2.317
428.13	2.623
428.40	2.740
428.66	3.250
428.92	3.627
429.19	3.790
429.45	3.619
429.71	3.664
429.98	4.206
430.24	4.415
430.51	4.393
430.77	4.880
431.03	4.864
431.30	5.621
431.56	6.046
431.83	5.872
432.09	5.394
432.35	6.059
432.62	6.589
432.88	6.774
433.14	6.763
433.41	7.027
433.67	7.327
433.94	6.773
434.20	6.375
434.46	7.289
434.73	7.555
434.99	7.058
435.25	6.714
435.52	7.125
435.78	6.214
436.05	5.377
436.31	6.235
436.57	6.159
436.84	5.811
437.10	5.062
437.36	4.461
437.63	4.194
437.89	3.911
438.15	3.879
438.42	3.306
438.68	2.725
438.95	2.684
439.21	2.243
439.47	2.449
439.74	2.522
440.00	1.389
440.26	1.244
440.53	1.763
440.79	1.823
441.05	1.647
441.32	1.989
441.58	1.846
441.84	2.076
442.11	2.142
442.37	2.245
442.64	2.437
442.90	2.762
443.16	2.914
443.43	2.627
443.69	2.841
443.95	3.566
444.22	4.261
444.48	4.546
444.74	4.886
445.01	4.687
445.27	4.724
445.53	5.927
445.80	6.672
446.06	7.283
446.32	7.359
446.59	7.654
446.85	7.861
447.11	8.311
447.38	8.347
447.64	8.846
447.90	9.334
448.17	10.041
448.43	9.649
448.69	9.621
448.96	9.668
449.22	8.901
449.48	8.586
449.75	8.598
450.01	8.325
450.27	8.599
450.54	8.685
450.80	8.004
451.06	7.579
451.33	7.325
451.59	6.547
451.85	6.504
452.12	6.686
452.38	6.234
452.64	5.369
452.91	5.048
453.17	4.218
453.43	4.575
453.69	3.858
453.96	3.157
454.22	2.493
454.48	1.554
454.75	0.884
455.01	1.240
455.27	1.804
455.54	1.522
455.80	0.945
456.06	0.805
456.33	1.171
456.59	1.306
456.85	0.593
457.12	0.721
457.38	0.701
457.64	0.979
457.90	1.593
458.17	1.851
458.43	1.778
458.69	2.300
458.96	2.207
459.22	2.907
459.48	3.404
459.75	3.957
460.01	4.911
460.27	5.278
460.53	5.558
460.80	5.764
461.06	7.062
461.32	7.155
461.59	7.959
461.85	8.195
462.11	8.879
462.37	8.814
462.64	10.151
462.90	10.179
463.16	10.433
463.43	10.518
463.69	10.839
463.95	11.077
464.21	11.701
464.48	11.819
464.74	12.149
465.00	12.739
465.27	12.135
465.53	12.528
465.79	12.210
466.05	12.513
466.32	12.268
466.58	11.868
466.84	12.452
467.10	11.490
467.37	11.452
467.63	11.069
467.89	11.265
468.16	10.656
468.42	9.360
468.68	8.854
468.94	9.048
469.21	9.216
469.47	8.622
469.73	7.252
469.99	7.161
470.26	7.000
470.52	6.404
470.78	6.043
471.04	5.099
471.31	4.617
471.57	4.489
471.83	3.683
472.10	3.427
472.36	3.656
472.62	2.741
472.88	2.246
473.15	1.526
473.41	1.653
473.67	1.360
473.93	1.026
474.20	0.800
474.46	1.120
474.72	0.915
474.98	0.513
475.25	0.873
475.51	1.376
475.77	1.441
476.03	1.488
476.30	1.660
476.56	2.355
476.82	2.261
477.08	3.376
477.34	4.196
477.61	4.219
477.87	4.316
478.13	5.430
478.39	6.167
478.66	6.630
478.92	6.337
479.18	7.168
479.44	8.197
479.71	8.640
479.97	9.161
480.23	9.777
480.49	10.060
480.76	10.491
481.02	11.182
481.28	12.192
481.54	12.301
481.80	12.718
482.07	13.111
482.33	13.142
482.59	13.600
482.85	13.953
483.12	14.291
483.38	14.562
483.64	14.632
483.90	14.582
484.16	14.860
484.43	15.042
484.69	15.074
484.95	14.666
485.21	14.636
485.48	15.080
485.74	14.772
486.00	14.980
486.26	14.502
486.52	14.378
486.79	14.288
487.05	13.811
487.31	13.219
487.57	12.967
487.83	12.918
488.10	12.539
488.36	11.944
488.62	11.478
488.88	11.371
489.14	10.666
489.41	9.911
489.67	9.493
489.93	9.119
490.19	8.788
490.45	8.504
490.72	7.493
490.98	6.645
491.24	6.225
491.50	5.994
491.76	5.262
492.03	5.115
492.29	4.322
492.55	3.618
492.81	3.592
493.07	3.334
493.34	2.677
493.60	2.631
493.86	2.046
494.12	2.023
494.38	2.012
494.65	1.741
494.91	1.447
495.17	1.846
495.43	1.739
495.69	1.652
495.95	1.682
496.22	1.942
496.48	2.480
496.74	2.833
497.00	2.841
497.26	3.341
497.53	3.663
497.79	4.238
498.05	4.751
498.31	5.057
498.57	6.007
498.83	6.298
499.10	6.941
499.36	7.804
499.62	8.332
499.88	8.878
500.14	9.515
500.40	10.327
500.67	11.200
500.93	11.787
501.19	12.123
501.45	12.560
501.71	13.297
501.97	13.197
502.24	13.708
502.50	14.638
502.76	15.153
503.02	15.729
503.28	16.333
503.54	16.433
503.81	16.729
504.07	17.045
504.33	17.626
504.59	17.629
504.85	17.752
505.11	18.086
505.37	18.358
505.64	18.652
505.90	19.064
506.16	19.407
506.42	19.294
506.68	19.117
506.94	19.010
507.20	19.095
507.47	19.053
507.73	18.912
507.99	19.254
508.25	18.785
508.51	18.548
508.77	18.436
509.03	18.359
509.30	17.660
509.56	17.543
509.82	17.297
510.08	16.812
510.34	16.526
510.60	16.332
510.86	15.721
511.13	14.900
511.39	14.634
511.65	14.558
511.91	14.021
512.17	13.455
512.43	12.951
512.69	12.739
512.95	11.984
513.22	11.320
513.48	10.735
513.74	10.176
514.00	10.186
514.26	9.627
514.52	9.021
514.78	7.656
515.04	7.506
515.31	7.373
515.57	6.532
515.83	5.857
516.09	5.528
516.35	5.382
516.61	5.140
516.87	4.523
517.13	4.136
517.40	4.104
517.66	3.849
517.92	3.358
518.18	2.971
518.44	2.969
518.70	3.300
518.96	3.550
519.22	3.056
519.48	3.273
519.75	3.456
520.01	3.669
520.27	3.988
520.53	3.913
520.79	4.158
521.05	4.637
521.31	4.903
521.57	5.429
521.83	5.569
522.09	5.999
522.36	6.410
522.62	6.983
522.88	7.555
523.14	8.210
523.40	8.783
523.66	9.241
523.92	9.969
524.18	10.961
524.44	11.082
524.70	11.694
524.96	12.168
525.23	12.617
525.49	13.223
525.75	13.509
526.01	14.423
526.27	15.007
526.53	15.525
526.79	16.108
527.05	16.431
527.31	16.642
527.57	17.262
527.83	17.619
528.09	18.399
528.36	18.727
528.62	18.931
528.88	19.155
529.14	19.193
529.40	19.904
529.66	19.908
529.92	20.143
530.18	20.645
530.44	20.552
530.70	20.958
530.96	21.143
531.22	21.320
531.48	21.441
531.74	21.502
532.00	21.764
532.27	21.296
532.53	20.998
532.79	20.901
533.05	20.746
533.31	21.020
533.57	20.750
533.83	20.220
534.09	19.926
534.35	19.949
534.61	19.756
534.87	19.752
535.13	18.981
535.39	19.397
535.65	19.100
535.91	18.913
536.17	18.280
536.43	18.274
536.70	17.979
536.96	17.313
537.22	17.423
537.48	16.836
537.74	16.480
538.00	15.582
538.26	15.167
538.52	14.572
538.78	14.023
539.04	13.544
539.30	12.728
539.56	12.497
539.82	11.870
540.08	11.499
540.34	11.399
540.60	10.594
540.86	10.112
541.12	9.574
541.38	9.018
541.64	8.298
541.90	8.397
542.16	8.082
542.42	7.518
542.68	6.826
542.94	6.543
543.21	6.382
543.47	6.247
543.73	5.735
543.99	5.290
544.25	5.171
544.51	5.179
544.77	5.169
545.03	4.916
545.29	4.784
545.55	4.583
545.81	4.342
546.07	4.391
546.33	4.499
546.59	4.664
546.85	5.043
547.11	5.024
547.37	5.504
547.63	5.414
547.89	5.642
548.15	6.034
548.41	6.240
548.67	6.752
548.93	6.978
549.19	7.311
549.45	7.673
549.71	8.417
549.97	9.423
550.23	9.713
550.49	10.128
550.75	10.548
551.01	10.930
551.27	11.274
551.53	12.042
551.79	12.612
552.05	12.656
552.31	13.548
552.57	14.235
552.83	14.413
553.09	14.821
553.35	15.775
553.61	16.166
553.87	16.583
554.13	17.100
554.39	17.521
554.65	17.699
554.91	18.338
555.17	18.724
555.43	19.531
555.69	19.727
555.95	20.732
556.21	20.763
556.47	20.933
556.73	21.301
556.99	21.228
557.25	21.887
557.51	22.164
557.77	22.646
558.03	22.875
558.29	23.115
558.55	23.480
558.81	23.350
559.07	23.879
559.33	23.770
559.59	23.246
559.85	23.715
560.11	23.903
560.37	23.711
560.62	23.645
560.88	24.085
561.14	23.866
561.40	23.823
561.66	23.739
561.92	23.927
562.18	23.536
562.44	23.373
562.70	23.575
562.96	23.101
563.22	22.853
563.48	22.778
563.74	22.824
564.00	23.019
564.26	22.747
564.52	22.175
564.78	21.923
565.04	22.131
565.30	21.957
565.56	21.753
565.82	20.953
566.08	20.455
566.34	20.501
566.60	20.169
566.86	19.725
567.11	19.053
567.37	18.645
567.63	17.956
567.89	17.512
568.15	17.243
568.41	16.747
568.67	16.479
568.93	16.024
569.19	15.783
569.45	15.174
569.71	14.649
569.97	14.173
570.23	13.539
570.49	13.189
570.75	12.663
571.01	12.057
571.27	11.793
571.52	11.463
571.78	10.868
572.04	10.410
572.30	10.091
572.56	9.611
572.82	9.170
573.08	8.765
573.34	8.487
573.60	8.075
573.86	7.874
574.12	7.545
574.38	7.132
574.64	6.992
574.90	6.661
575.15	6.610
575.41	6.384
575.67	6.199
575.93	6.182
576.19	6.051
576.45	6.067
576.71	5.984
576.97	5.996
577.23	5.870
577.49	5.837
577.75	6.011
578.01	6.199
578.26	6.330
578.52	6.535
578.78	6.863
579.04	7.034
579.30	7.295
579.56	7.352
579.82	7.622
580.08	7.848
580.34	8.159
580.60	8.535
580.86	9.008
581.11	9.425
581.37	9.866
581.63	10.212
581.89	10.589
582.15	10.985
582.41	11.594
582.67	12.201
582.93	12.691
583.19	12.895
583.45	13.421
583.70	14.179
583.96	14.577
584.22	14.834
584.48	15.134
584.74	15.608
585.00	16.094
585.26	16.477
585.52	17.026
585.78	17.648
586.03	18.182
586.29	18.390
586.55	18.657
586.81	19.221
587.07	19.476
587.33	19.977
587.59	20.509
587.85	20.804
588.11	21.169
588.36	21.563
588.62	21.991
588.88	22.433
589.14	22.644
589.40	23.137
589.66	23.631
589.92	23.637
590.18	23.837
590.43	24.036
590.69	24.120
590.95	24.408
591.21	24.340
591.47	24.558
591.73	24.649
591.99	24.726
592.24	24.767
592.50	25.102
592.76	25.216
593.02	25.207
593.28	25.332
593.54	25.385
593.80	25.542
594.06	25.914
594.31	25.978
594.57	26.066
594.83	26.076
595.09	26.017
595.35	26.106
595.61	25.911
595.87	25.978
596.12	25.622
596.38	25.324
596.64	24.935
596.90	25.014
597.16	24.969
597.42	24.980
597.67	24.796
597.93	24.448
598.19	23.698
598.45	23.494
598.71	23.364
598.97	23.411
599.23	23.033
599.48	22.866
599.74	22.629
600.00	22.598
600.26	22.356
600.52	22.437
600.78	22.081
601.03	21.738
601.29	21.362
601.55	20.983
601.81	20.667
602.07	20.420
602.33	19.950
602.58	19.743
602.84	19.109
603.10	18.262
603.36	17.886
603.62	17.602
603.88	17.419
604.13	16.882
604.39	16.434
604.65	16.017
604.91	15.522
605.17	14.981
605.42	14.686
605.68	14.304
605.94	14.031
606.20	13.421
606.46	13.048
606.72	12.751
606.97	12.440
607.23	11.818
607.49	11.276
607.75	11.208
608.01	10.895
608.26	10.517
608.52	10.450
608.78	10.101
609.04	9.649
609.30	9.340
609.55	9.000
609.81	8.630
610.07	8.314
610.33	8.151
610.59	8.186
610.84	8.197
611.10	7.912
611.36	7.642
611.62	7.574
611.88	7.567
612.13	7.228
612.39	7.111
612.65	6.994
612.91	7.153
613.17	6.979
613.42	7.168
613.68	7.202
613.94	7.187
614.20	7.432
614.46	7.574
614.71	7.648
614.97	7.772
615.23	7.926
615.49	8.264
615.75	8.475
616.00	8.838
616.26	9.350
616.52	9.514
616.78	9.729
617.03	10.170
617.29	10.261
617.55	10.816
617.81	11.169
618.07	11.671
618.32	11.944
618.58	12.108
618.84	12.615
619.10	12.990
619.35	13.127
619.61	13.682
619.87	14.285
620.13	14.793
620.39	15.386
620.64	15.663
620.90	15.910
621.16	16.222
621.42	16.767
621.67	17.166
621.93	17.426
622.19	18.072
622.45	18.308
622.70	18.881
622.96	19.352
623.22	19.560
623.48	20.259
623.73	20.580
623.99	20.972
624.25	21.154
624.51	21.481
624.77	22.093
625.02	22.537
625.28	22.835
625.54	23.222
625.80	23.652
626.05	23.801
626.31	24.079
626.57	23.970
626.83	24.084
627.08	24.265
627.34	24.787
627.60	25.388
627.85	25.204
628.11	25.874
628.37	26.415
628.63	26.330
628.88	26.278
629.14	26.056
629.40	26.725
629.66	27.157
629.91	27.189
630.17	27.446
630.43	27.531
630.69	27.664
630.94	27.981
631.20	28.187
631.46	28.358
631.72	28.381
631.97	28.481
632.23	28.140
632.49	28.055
632.74	27.921
633.00	27.983
633.26	28.434
633.52	28.841
633.77	28.723
634.03	28.410
634.29	28.294
634.55	28.307
634.80	27.806
635.06	27.733
635.32	28.055
635.57	27.900
635.83	27.833
636.09	27.808
636.35	27.662
636.60	27.155
636.86	27.136
637.12	27.203
637.37	27.322
637.63	27.273
637.89	26.824
638.15	26.759
638.40	26.540
638.66	25.951
638.92	25.688
639.17	25.899
639.43	25.976
639.69	25.615
639.94	25.298
640.20	24.680
640.46	24.160
640.72	24.441
640.97	23.907
641.23	23.632
641.49	23.466
641.74	23.061
642.00	22.631
642.26	22.191
642.51	22.261
642.77	21.751
643.03	21.240
643.28	20.884
643.54	20.682
643.80	20.331
644.06	19.856
644.31	19.882
644.57	19.681
644.83	19.301
645.08	18.795
645.34	18.324
645.60	17.389
645.85	17.402
646.11	17.114
646.37	16.259
646.62	15.901
646.88	15.722
647.14	15.637
647.39	15.229
647.65	14.599
647.91	14.265
648.16	13.690
648.42	13.375
648.68	13.200
648.93	12.808
649.19	12.595
649.45	12.054
649.70	11.660
649.96	11.599
650.22	11.260
650.47	10.972
650.73	11.206
650.99	10.988
651.24	10.188
651.50	10.096
651.76	9.602
652.01	9.785
652.27	9.831
652.53	9.412
652.78	8.926
653.04	9.090
653.30	9.028
653.55	8.857
653.81	8.862
654.07	9.125
654.32	9.019
654.58	8.826
654.84	8.517
655.09	8.548
655.35	8.402
655.61	8.176
655.86	8.182
656.12	8.383
656.38	8.653
656.63	8.935
656.89	9.558
657.14	9.369
657.40	9.595
657.66	9.580
657.91	9.844
658.17	10.359
658.43	10.606
658.68	10.801
658.94	10.820
659.20	11.306
659.45	11.666
659.71	12.204
659.96	12.357
660.22	12.361
660.48	13.046
660.73	13.206
660.99	13.547
661.25	13.761
661.50	14.206
661.76	14.536
662.01	14.965
662.27	15.282
662.53	15.605
662.78	16.187
663.04	16.238
663.30	16.561
663.55	16.982
663.81	17.460
664.06	17.516
664.32	17.684
664.58	18.008
664.83	18.300
665.09	18.731
665.35	19.515
665.60	19.592
665.86	20.191
666.11	20.530
666.37	21.252
666.63	21.720
666.88	21.820
667.14	21.728
667.39	22.277
667.65	22.676
667.91	23.067
668.16	23.569
668.42	23.588
668.67	23.624
668.93	24.245
669.19	24.436
669.44	24.442
669.70	24.549
669.95	24.807
670.21	25.180
670.47	25.610
670.72	25.822
670.98	25.655
671.23	26.004
671.49	26.204
671.75	26.296
672.00	26.401
672.26	26.917
672.51	27.347
672.77	27.392
673.03	27.597
673.28	27.802
673.54	28.218
673.79	28.439
674.05	28.515
674.30	28.149
674.56	28.368
674.82	28.795
675.07	28.997
675.33	29.075
675.58	29.374
675.84	29.128
676.09	28.762
676.35	29.133
676.61	29.751
676.86	29.356
677.12	29.244
677.37	29.666
677.63	29.510
677.88	29.562
678.14	29.710
678.40	29.783
678.65	29.731
678.91	29.213
679.16	29.270
679.42	29.675
679.67	29.474
679.93	29.263
680.19	29.053
680.44	29.361
680.70	29.154
680.95	29.067
681.21	29.026
681.46	28.768
681.72	28.836
681.97	28.423
682.23	28.673
682.49	28.839
682.74	28.599
683.00	28.605
683.25	28.134
683.51	27.551
683.76	27.861
684.02	27.599
684.27	27.389
684.53	27.109
684.78	27.231
685.04	26.780
685.30	26.570
685.55	26.366
685.81	25.870
686.06	25.786
686.32	25.818
686.57	25.619
686.83	25.481
687.08	25.112
687.34	24.620
687.59	24.650
687.85	24.614
688.10	24.247
688.36	24.075
688.62	23.712
688.87	23.451
689.13	23.206
689.38	22.878
689.64	22.342
689.89	21.896
690.15	21.568
690.40	21.724
690.66	21.529
690.91	20.798
691.17	20.335
691.42	20.031
691.68	19.554
691.93	19.568
692.19	19.419
692.44	19.117
692.70	18.475
692.95	18.506
693.21	18.658
693.46	17.807
693.72	17.550
693.97	17.420
694.23	16.892
694.49	16.521
694.74	16.117
695.00	15.931
695.25	15.582
695.51	15.052
695.76	14.835
696.02	14.898
696.27	14.672
696.53	14.238
696.78	13.644
697.04	13.528
697.29	13.347
697.55	13.086
697.80	13.027
698.06	12.864
698.31	12.531
698.57	12.248
698.82	12.221
699.08	11.962
699.33	11.681
699.59	11.360
699.84	11.137
700.09	10.924
700.35	10.861
700.60	10.699
700.86	10.751
701.11	10.610
701.37	10.372
701.62	10.234
701.88	10.359
702.13	10.154
702.39	10.088
702.64	10.288
702.90	10.109
703.15	10.268
703.41	10.262
703.66	10.124
703.92	10.117
704.17	9.917
704.43	10.049
704.68	10.046
704.94	10.299
705.19	10.650
705.45	10.376
705.70	10.609
705.95	10.514
706.21	10.691
706.46	10.968
706.72	11.012
706.97	10.935
707.23	11.154
707.48	11.452
707.74	11.611
707.99	11.910
708.25	12.180
708.50	12.316
708.76	12.440
709.01	13.144
709.27	13.401
709.52	13.283
709.77	13.618
710.03	13.960
710.28	14.019
710.54	14.470
710.79	14.500
711.05	15.015
711.30	15.493
711.56	15.708
711.81	15.699
712.06	16.358
712.32	16.714
712.57	16.901
712.83	17.201
713.08	17.309
713.34	17.739
713.59	18.116
713.85	18.391
714.10	18.685
714.35	19.278
714.61	19.622
714.86	19.940
715.12	19.949
715.37	20.460
715.63	20.676
715.88	20.807
716.13	21.583
716.39	21.969
716.64	22.211
716.90	22.513
717.15	22.922
717.41	22.892
717.66	23.066
717.91	23.596
718.17	23.822
718.42	23.718
718.68	24.129
718.93	24.758
719.19	24.941
719.44	24.993
719.69	25.097
719.95	25.137
720.20	25.931
720.46	26.121
720.71	26.506
720.97	26.942
721.22	27.065
721.47	27.217
721.73	27.445
721.98	27.885
722.24	27.749
722.49	27.896
722.74	28.326
723.00	28.667
723.25	28.705
723.51	28.758
723.76	29.008
724.01	29.584
724.27	29.569
724.52	29.643
724.78	29.716
725.03	29.963
725.28	29.899
725.54	30.020
725.79	30.315
726.05	30.460
726.30	30.355
726.55	30.591
726.81	30.595
727.06	30.910
727.32	31.005
727.57	31.151
727.82	31.499
728.08	31.374
728.33	31.331
728.59	31.240
728.84	31.402
729.09	31.732
729.35	31.940
729.60	31.499
729.85	31.877
730.11	31.825
730.36	31.555
730.62	31.752
730.87	31.439
731.12	31.243
731.38	31.278
731.63	31.386
731.88	31.569
732.14	31.470
732.39	31.702
732.65	31.773
732.90	31.408
733.15	31.228
733.41	31.586
733.66	31.886
733.91	31.675
734.17	31.390
734.42	31.368
734.68	31.264
734.93	31.474
735.18	31.308
735.44	30.687
735.69	30.421
735.94	30.688
736.20	30.662
736.45	30.718
736.70	30.602
736.96	30.292
737.21	30.140
737.46	30.157
737.72	29.870
737.97	30.041
738.23	30.187
738.48	29.745
738.73	29.478
738.99	29.460
739.24	29.174
739.49	28.875
739.75	29.149
740.00	29.145
740.25	28.973
740.51	29.014
740.76	28.866
741.01	28.159
741.27	27.746
741.52	27.814
741.77	27.668
742.03	27.578
742.28	27.080
742.53	26.948
742.79	26.495
743.04	26.692
743.29	26.118
743.55	26.222
743.80	26.237
744.05	25.874
744.31	25.197
744.56	25.051
744.81	25.192
745.07	24.960
745.32	24.387
745.57	24.232
745.83	23.792
746.08	23.838
746.33	23.410
746.59	23.202
746.84	23.243
747.09	23.121
747.35	22.496
747.60	22.285
747.85	22.004
748.10	21.649
748.36	21.138
748.61	20.959
748.86	20.669
749.12	20.314
749.37	20.118
749.62	19.693
749.88	19.726
750.13	18.995
750.38	18.738
750.64	18.494
750.89	18.332
751.14	18.113
751.39	17.969
751.65	17.503
751.90	17.392
752.15	17.346
752.41	17.053
752.66	16.713
752.91	16.190
753.17	15.759
753.42	15.591
753.67	15.496
753.92	15.374
754.18	15.224
754.43	14.969
754.68	14.703
754.94	14.498
755.19	14.312
755.44	13.913
755.69	13.602
755.95	13.570
756.20	13.721
756.45	13.421
756.71	12.822
756.96	12.356
757.21	12.268
757.46	12.331
757.72	12.003
757.97	11.968
758.22	11.767
758.48	11.766
758.73	11.780
758.98	11.606
759.23	11.296
759.49	11.185
759.74	11.106
759.99	10.825
760.25	11.002
760.50	11.082
760.75	11.089
761.00	10.907
761.26	10.860
761.51	11.064
761.76	11.194
762.01	11.562
762.27	11.373
762.52	11.016
762.77	11.049
763.02	11.011
763.28	11.159
763.53	11.473
763.78	11.519
764.03	11.504
764.29	11.595
764.54	11.500
764.79	11.628
765.04	11.950
765.30	12.127
765.55	12.011
765.80	12.031
766.05	12.324
766.31	12.638
766.56	12.630
766.81	13.045
767.06	13.214
767.32	13.347
767.57	13.416
767.82	13.948
768.07	14.097
768.33	14.040
768.58	13.995
768.83	14.313
769.08	14.702
769.34	15.288
769.59	15.149
769.84	15.603
770.09	15.977
770.35	16.478
770.60	16.269
770.85	16.529
771.10	16.714
771.35	17.094
771.61	16.946
771.86	17.503
772.11	17.715
772.36	17.823
772.62	18.087
772.87	18.532
773.12	18.796
773.37	19.387
773.62	19.042
773.88	19.460
774.13	20.354
774.38	20.020
774.63	20.596
774.89	20.834
775.14	21.182
775.39	21.554
775.64	21.429
775.89	21.936
776.15	22.296
776.40	22.171
776.65	22.404
776.90	22.907
777.15	23.131
777.41	23.113
777.66	23.094
777.91	23.948
778.16	24.164
778.41	24.173
778.67	24.485
778.92	25.090
779.17	25.343
779.42	25.667
779.67	25.432
779.93	26.131
780.18	26.483
780.43	26.519
780.68	26.567
780.93	26.581
781.19	27.222
781.44	27.174
781.69	27.205
781.94	27.296
782.19	27.833
782.45	28.114
782.70	28.610
782.95	28.751
783.20	29.002
783.45	29.141
783.70	28.832
783.96	29.233
784.21	29.766
784.46	29.935
784.71	29.916
784.96	30.145
785.22	30.485
785.47	30.304
785.72	30.618
785.97	30.689
786.22	30.706
786.47	30.862
786.73	30.965
786.98	31.202
787.23	31.579
787.48	31.269
787.73	31.632
787.98	32.065
788.24	31.758
788.49	31.693
788.74	31.658
788.99	31.681
789.24	32.192
789.49	32.313
789.75	32.759
790.00	33.067
790.25	32.849
790.50	32.720
790.75	33.061
791.00	33.093
791.26	33.224
791.51	32.493
791.76	32.335
792.01	33.185
792.26	33.481
792.51	33.586
792.76	33.918
793.02	34.027
793.27	33.340
793.52	32.951
793.77	32.758
794.02	32.943
794.27	32.761
794.52	32.881
794.78	32.927
795.03	33.016
795.28	32.917
795.53	32.959
795.78	32.971
796.03	33.059
796.28	33.287
796.54	34.316
796.79	34.141
797.04	34.267
797.29	33.949
797.54	33.568
797.79	33.189
798.04	32.523
798.29	32.933
798.55	33.437
798.80	33.004
799.05	33.164
799.30	33.018
799.55	32.985
799.80	33.161
800.05	32.768
800.30	33.118
800.56	32.815
800.81	32.892
801.06	32.787
801.31	32.482
801.56	32.563
801.81	32.487
802.06	32.133
802.31	32.563
802.56	31.976
802.82	32.284
803.07	31.896
803.32	31.816
803.57	31.394
803.82	31.320
804.07	31.146
804.32	31.034
804.57	31.234
804.82	31.480
805.07	30.764
805.33	30.779
805.58	30.717
805.83	29.800
806.08	29.822
806.33	29.004
806.58	28.997
806.83	29.237
807.08	29.074
807.33	29.376
807.58	28.744
807.84	28.625
808.09	28.795
808.34	28.686
808.59	28.055
808.84	28.247
809.09	27.962
809.34	28.083
809.59	27.889
809.84	27.090
810.09	26.526
810.34	26.582
810.59	26.763
810.85	26.452
811.10	26.046
811.35	25.649
811.60	25.464
811.85	25.245
812.10	25.198
812.35	25.194
812.60	24.829
812.85	24.705
813.10	24.428
813.35	23.942
813.60	23.674
813.85	23.641
814.10	23.147
814.36	23.161
814.61	23.327
814.86	23.314
815.11	22.717
815.36	22.064
815.61	21.866
815.86	21.815
816.11	21.051
816.36	20.981
816.61	20.636
816.86	20.506
817.11	19.998
817.36	20.212
817.61	20.103
817.86	19.885
818.11	19.617
818.36	19.610
818.62	19.628
818.87	18.952
819.12	18.609
819.37	18.373
819.62	18.028
819.87	18.083
820.12	17.874
820.37	16.846
820.62	16.550
820.87	16.494
821.12	16.140
821.37	16.407
821.62	16.934
821.87	16.340
822.12	16.206
822.37	15.862
822.62	15.418
822.87	15.151
823.12	15.158
823.37	15.053
823.62	14.994
823.87	14.637
824.12	14.445
824.37	14.027
824.62	13.856
824.87	14.176
825.12	13.852
825.37	13.314
825.63	13.073
825.88	12.646
826.13	12.961
826.38	13.087
826.63	12.252
826.88	12.570
827.13	12.434
827.38	11.820
827.63	12.129
827.88	11.914
828.13	11.966
828.38	12.534
828.63	12.533
828.88	12.282
829.13	11.662
829.38	11.752
829.63	11.858
829.88	11.620
830.13	11.756
830.38	11.292
830.63	11.439
830.88	10.979
831.13	11.333
831.38	11.746
831.63	11.252
831.88	10.772
832.13	11.502
832.38	11.329
832.63	11.370
832.88	11.161
833.13	11.131
833.38	11.651
833.63	11.492
833.88	11.367
834.13	11.224
834.38	12.317
834.63	11.617
834.88	12.107
835.13	12.159
835.38	11.967
835.63	11.691
835.88	11.568
836.13	12.221
836.38	12.345
836.63	12.310
836.88	12.544
837.12	12.988
837.37	13.174
837.62	13.200
837.87	12.966
838.12	13.533
838.37	13.978
838.62	13.854
838.87	13.609
839.12	13.818
839.37	14.107
839.62	13.997
839.87	14.632
840.12	14.373
840.37	14.671
840.62	14.886
840.87	14.898
841.12	15.312
841.37	16.031
841.62	15.737
841.87	16.016
842.12	16.259
842.37	16.195
842.62	16.099
842.87	16.494
843.12	16.893
843.37	17.384
843.62	17.751
843.87	17.908
844.11	17.818
844.36	17.666
844.61	17.790
844.86	18.358
845.11	18.940
845.36	18.728
845.61	19.085
845.86	18.852
846.11	19.036
846.36	20.069
846.61	19.876
846.86	20.526
847.11	20.341
847.36	20.780
847.61	21.244
847.86	20.832
848.11	21.200
848.35	21.329
848.60	20.874
848.85	21.461
849.10	21.672
849.35	22.140
849.60	22.507
849.85	22.849
850.10	23.316
850.35	23.632
850.60	23.390
850.85	23.598
851.10	23.491
851.35	23.478
851.60	23.862
851.84	23.893
852.09	24.281
852.34	25.020
852.59	25.316
852.84	25.149
853.09	25.360
853.34	25.772
853.59	25.818
853.84	26.375
854.09	26.704
854.34	26.137
854.59	26.435
854.83	27.012
855.08	26.761
855.33	26.706
855.58	27.390
855.83	27.836
856.08	27.605
856.33	28.299
856.58	28.186
856.83	27.941
857.08	28.124
857.32	28.855
857.57	28.504
857.82	28.482
858.07	28.909
858.32	28.840
858.57	29.007
858.82	29.493
859.07	29.084
859.32	29.039
859.56	29.364
859.81	29.713
860.06	29.691
860.31	29.551
860.56	29.804
860.81	30.276
861.06	30.201
861.31	30.324
861.56	30.391
861.80	30.661
862.05	31.073
862.30	31.165
862.55	31.703
862.80	31.317
863.05	31.576
863.30	32.356
863.55	32.107
863.79	31.962
864.04	31.616
864.29	31.880
864.54	30.980
864.79	31.258
865.04	31.684
865.29	32.217
865.54	31.108
865.78	31.334
866.03	31.605
866.28	31.700
866.53	32.012
866.78	32.086
867.03	31.748
867.28	32.503
867.52	31.938
867.77	32.164
868.02	32.100
868.27	31.383
868.52	32.271
868.77	32.547
869.02	32.388
869.26	32.649
869.51	32.611
869.76	32.702
870.01	32.563
870.26	32.352
870.51	32.424
870.76	32.580
871.00	33.194
871.25	33.545
871.50	32.927
871.75	33.156
872.00	32.661
872.25	33.108
872.49	33.099
872.74	32.672
872.99	32.912
873.24	32.487
873.49	32.456
873.74	32.251
873.98	33.314
874.23	33.328
874.48	32.872
874.73	32.924
874.98	32.749
875.23	32.326
875.47	32.064
875.72	31.778
875.97	32.200
876.22	32.399
876.47	31.900
876.72	31.957
876.96	31.759
877.21	31.392
877.46	31.959
877.71	31.238
877.96	31.064
878.20	31.625
878.45	31.578
878.70	30.963
878.95	31.147
879.20	31.610
879.45	31.517
879.69	31.058
879.94	31.047
880.19	31.702
880.44	31.317
880.69	31.070
880.93	31.034
881.18	31.034
881.43	30.563
881.68	30.818
881.93	31.229
882.17	30.837
882.42	30.950
882.67	30.799
882.92	30.363
883.17	30.162
883.41	29.746
883.66	29.505
883.91	30.027
884.16	29.712
884.41	29.042
884.65	28.876
884.90	29.140
885.15	28.926
885.40	28.283
885.64	28.250
885.89	28.099
886.14	29.093
886.39	28.519
886.64	28.048
886.88	27.999
887.13	27.760
887.38	27.800
887.63	27.394
887.88	26.979
888.12	26.990
888.37	26.974
888.62	26.992
888.87	27.015
889.11	26.567
889.36	27.031
889.61	26.304
889.86	26.014
890.10	25.268
890.35	25.292
890.60	25.168
890.85	24.962
891.10	25.406
891.34	24.882
891.59	25.004
891.84	25.268
892.09	25.206
892.33	24.839
892.58	23.963
892.83	24.357
893.08	24.553
893.32	23.872
893.57	23.089
893.82	22.637
894.07	24.105
894.31	24.608
894.56	23.362
894.81	23.194
895.06	22.992
895.30	23.203
895.55	22.211
895.80	21.131
896.05	21.677
896.29	21.465
896.54	21.370
896.79	20.913
897.04	20.606
897.28	20.564
897.53	20.411
897.78	19.654
898.03	19.531
898.27	20.156
898.52	20.256
898.77	19.982
899.01	19.352
899.26	19.856
899.51	19.718
899.76	19.185
900.00	20.049
900.25	19.120
900.50	19.054
900.75	18.566
900.99	18.182
901.24	18.385
901.49	17.740
901.73	16.670
901.98	16.755
902.23	16.993
902.48	16.855
902.72	16.961
902.97	16.180
903.22	16.448
903.47	16.553
903.71	16.446
903.96	15.419
904.21	15.959
904.45	16.444
904.70	16.075
904.95	15.705
905.20	15.744
905.44	15.093
905.69	15.398
905.94	14.960
906.18	14.190
906.43	14.473
906.68	15.383
906.92	15.542
907.17	15.267
907.42	14.497
907.67	14.109
907.91	14.836
908.16	14.214
908.41	14.372
908.65	13.840
908.90	13.628
909.15	13.383
909.39	13.416
909.64	12.999
909.89	12.966
910.13	13.246
910.38	13.216
910.63	13.220
910.88	13.048
911.12	13.183
911.37	13.548
911.62	13.822
911.86	12.875
912.11	12.143
912.36	12.436
912.60	12.748
912.85	12.520
913.10	12.461
913.34	11.786
913.59	11.582
913.84	12.348
914.08	12.283
914.33	11.644
914.58	11.812
914.82	12.919
915.07	11.999
915.32	12.006
915.56	12.066
915.81	11.189
916.06	11.815
916.30	11.610
916.55	11.979
916.80	11.575
917.04	11.987
917.29	11.901
917.54	12.857
917.78	12.737
918.03	12.105
918.28	11.152
918.52	11.868
918.77	12.568
919.02	11.564
919.26	11.752
919.51	11.815
919.76	12.779
920.00	12.622
920.25	11.804
920.49	11.979
920.74	12.179
920.99	11.792
921.23	11.456
921.48	12.941
921.73	13.506
921.97	12.048
922.22	12.453
922.47	12.793
922.71	12.945
922.96	14.134
923.21	12.146
923.45	13.043
923.70	14.053
923.94	13.035
924.19	13.629
924.44	13.375
924.68	13.017
924.93	13.114
925.18	13.967
925.42	14.071
925.67	15.282
925.91	15.664
926.16	15.761
926.41	14.415
926.65	15.095
926.90	15.540
927.15	15.842
927.39	16.333
927.64	16.575
927.88	17.694
928.13	16.922
928.38	16.202
928.62	16.509
928.87	15.268
929.11	16.131
929.36	16.672
929.61	16.890
929.85	16.698
930.10	17.597
930.34	17.701
930.59	18.194
930.84	17.942
931.08	18.228
931.33	17.716
931.57	18.477
931.82	19.473
932.07	18.258
932.31	16.845
932.56	18.752
932.80	19.392
933.05	17.701
933.30	18.820
933.54	20.328
933.79	19.280
934.03	18.475
934.28	20.378
934.53	21.153
934.77	20.541
935.02	20.306
935.26	20.626
935.51	21.893
935.76	22.549
936.00	21.776
936.25	20.084
936.49	24.555
936.74	23.413
936.98	21.257
937.23	22.234
937.48	24.162
937.72	28.257
937.97	24.481
938.21	21.875
938.46	22.914
938.70	20.282
938.95	22.036
939.20	20.645
939.44	25.328
939.69	24.884
939.93	23.071
940.18	25.537
940.42	26.532
940.67	26.087
940.92	27.304
941.16	26.628
941.41	28.304
941.65	26.898
941.90	25.899
942.14	25.487
942.39	25.784
942.63	24.152
942.88	26.100
943.13	25.990
943.37	23.517
943.62	24.947
943.86	25.397
944.11	23.211
944.35	26.872
944.60	27.743
944.84	29.394
945.09	29.846
945.34	31.270
945.58	28.086
945.83	27.071
946.07	25.810
946.32	29.848
946.56	31.526
946.81	26.963
947.05	28.444
947.30	29.681
947.54	25.223
947.79	25.744
948.03	26.066
948.28	27.290
948.53	29.104
948.77	29.218
949.02	30.976
949.26	33.871
949.51	34.783
949.75	29.716
950.00	29.568
950.24	31.747
950.49	29.530
950.73	28.608
950.98	32.376
951.22	29.921
951.47	30.639
951.71	30.055
951.96	28.058
952.20	31.563
952.45	30.896
952.69	27.614
952.94	29.924
953.18	30.764
953.43	29.864
953.67	31.414
953.92	30.419
954.16	32.923
954.41	32.506
954.65	30.815
954.90	30.492
955.14	30.954
955.39	30.412
955.63	31.773
955.88	33.713
956.12	33.043
956.37	29.694
956.61	31.731
956.86	30.601
957.10	34.197
957.35	33.993
957.59	31.582
957.84	31.429
958.08	33.728
958.33	33.135
958.57	31.304
958.82	32.472
959.06	31.449
959.31	30.115
959.55	30.291
959.80	31.948
960.04	33.482
960.29	34.166
960.53	31.919
960.78	29.578
961.02	28.497
961.27	33.027
961.51	30.280
961.76	30.032
962.00	33.808
962.25	35.189
962.49	30.344
962.74	31.166
962.98	32.452
963.23	33.312
963.47	33.290
963.71	33.398
963.96	34.664
964.20	32.922
964.45	32.156
964.69	32.334
964.94	32.405
965.18	31.720
965.43	30.954
965.67	31.870
965.92	33.693
966.16	31.972
966.41	30.967
966.65	33.312
966.89	34.226
967.14	31.721
967.38	30.272
967.63	32.015
967.87	34.107
968.12	33.141
968.36	29.028
968.61	29.135
968.85	33.291
969.10	33.354
969.34	32.028
969.58	33.694
969.83	36.093
970.07	32.503
970.32	29.723
970.56	29.778
970.81	32.498
971.05	35.145
971.29	33.074
971.54	32.870
971.78	32.254
972.03	30.669
972.27	32.157
972.52	29.107
972.76	29.696
973.00	30.795
973.25	31.300
973.49	28.620
973.74	30.754
973.98	31.656
974.23	29.155
974.47	30.020
974.71	32.524
974.96	30.543
975.20	30.323
975.45	31.469
975.69	30.842
975.94	30.943
976.18	30.195
976.42	27.633
976.67	29.035
976.91	30.683
977.16	32.573
977.40	32.574
977.64	29.898
977.89	31.480
978.13	29.235
978.38	27.156
978.62	27.292
978.86	30.190
979.11	27.754
979.35	30.094
979.60	30.473
979.84	27.293
980.08	27.907
980.33	29.468
980.57	27.854
980.82	28.328
981.06	30.464
981.30	28.088
981.55	26.601
981.79	30.685
982.04	30.182
982.28	27.516
982.52	29.465
982.77	30.669
983.01	27.903
983.26	29.494
983.50	26.718
983.74	27.914
983.99	27.364
984.23	26.260
984.48	26.512
984.72	24.772
984.96	26.124
985.21	23.516
985.45	26.790
985.69	26.249
985.94	25.844
986.18	25.565
986.43	28.070
986.67	30.492
986.91	26.532
987.16	27.038
987.40	27.653
987.64	26.993
987.89	28.375
988.13	26.807
988.37	27.957
988.62	26.605
988.86	25.021
989.11	20.924
989.35	22.313
989.59	24.454
989.84	25.297
990.08	24.758
990.32	24.861
990.57	24.695
990.81	26.968
991.05	25.653
991.30	22.072
991.54	21.171
991.78	20.524
992.03	20.090
992.27	22.344
992.51	24.776
992.76	21.351
993.00	23.993
993.25	27.639
993.49	23.394
993.73	23.708
993.98	23.619
994.22	25.365
994.46	25.685
994.71	24.182
994.95	21.475
995.19	24.473
995.44	23.915
995.68	23.996
995.92	17.514
996.17	20.363
996.41	19.025
996.65	22.709
996.90	26.004
997.14	24.122
997.38	23.988
997.63	23.211
997.87	20.930
998.11	27.382
998.36	25.296
998.60	14.181
998.84	16.487
999.08	19.781
999.33	16.498
999.57	22.661
999.81	25.340
1000.06	21.627
1000.30	22.632
1000.54	17.181
1000.79	18.293
1001.03	19.979
1001.27	17.060
1001.52	20.000
1001.76	16.886
1002.00	14.018
1002.25	20.535
1002.49	18.192
1002.73	16.561
1002.97	19.979
1003.22	19.246
1003.46	17.226
1003.70	15.677
1003.95	16.045
1004.19	15.060
1004.43	18.744
1004.68	17.912
1004.92	17.301
1005.16	20.462
1005.40	16.366
1005.65	17.387
1005.89	18.576
1006.13	13.016
1006.38	12.527
1006.62	18.075
1006.86	21.598
1007.10	22.526
1007.35	11.174
1007.59	17.281
1007.83	15.515
1008.08	17.452
1008.32	14.103
1008.56	13.771
1008.80	15.032
1009.05	18.210
1009.29	17.340
1009.53	16.718
1009.77	18.295
1010.02	18.061
1010.26	14.449
1010.50	16.300
1010.75	17.585
1010.99	15.155
1011.23	11.329
1011.47	13.674
1011.72	12.665
1011.96	14.104
1012.20	14.407
1012.44	18.815
1012.69	16.649
1012.93	13.602
1013.17	17.028
1013.41	14.597
1013.66	14.126
1013.90	14.413
1014.14	13.531
1014.38	11.676
1014.63	14.140
1014.87	13.517
1015.11	14.491
1015.35	15.314
1015.60	16.822
1015.84	12.861
1016.08	12.956
1016.32	11.217
1016.57	13.730
1016.81	15.802
1017.05	14.851
1017.29	16.113
1017.54	22.581
1017.78	19.974
1018.02	11.637
1018.26	12.500
1018.51	12.417
1018.75	10.630
1018.99	11.081
1019.23	15.676
1019.48	12.727
1019.72	10.829
1019.96	12.951
1020.20	15.541
1020.44	15.065
1020.69	11.163
1020.93	13.937
1021.17	9.640
1021.41	17.570
1021.66	16.036
1021.90	12.300
1022.14	9.589
1022.38	16.981
1022.62	13.624
1022.87	17.147
1023.11	13.636
1023.35	14.465
1023.59	10.031
1023.84	12.013
1024.08	13.772
1024.32	24.398
1024.56	13.140
1024.80	6.701
1025.05	12.664
1025.29	13.509
1025.53	13.333
1025.77	14.701
1026.01	19.160
1026.26	23.684
1026.50	23.718
1026.74	18.985
1026.98	13.926
1027.22	15.517
1027.47	15.940
1027.71	14.261
1027.95	18.878
1028.19	23.248
1028.43	21.859
1028.68	16.792
1028.92	10.700
1029.16	14.835
1029.40	20.665
1029.64	17.544
1029.89	21.700
1030.13	13.372
1030.37	19.048
1030.61	25.749
1030.85	22.078
1031.09	18.686
1031.34	22.222
1031.58	15.699
1031.82	14.460
1032.06	19.835
1032.30	25.641
1032.55	18.534
1032.79	21.371
1033.03	19.794
1033.27	22.826
1033.51	12.639
1033.75	19.205
1034.00	23.503
1034.24	29.424
1034.48	22.993
1034.72	20.667
1034.96	28.369
1035.20	14.762
1035.45	7.729
1035.69	22.275
1035.93	29.257
1036.17	18.201
1036.41	12.911
1036.65	24.941
1036.89	34.074
1037.14	25.479
1037.38	22.911
1037.62	18.333
1037.86	22.374
1038.10	21.205
1038.34	22.010
1038.59	16.667
1038.83	26.047
1039.07	28.070
1039.31	14.454
1039.55	17.838
1039.79	20.443
1040.03	27.209
1040.28	22.115
1040.52	25.326
1040.76	22.527
1041.00	27.246
1041.24	26.975
1041.48	37.105
1041.72	31.467
1041.97	14.873
1042.21	20.968
1042.45	20.708
1042.69	28.809
1042.93	31.392
1043.17	20.635
1043.41	24.709
1043.65	23.184
1043.90	23.197
1044.14	7.524
1044.38	14.377
1044.62	12.534
1044.86	31.884
1045.10	30.435
1045.34	30.033
1045.58	45.016
1045.83	35.354
1046.07	29.167
1046.31	33.218
1046.55	36.177
1046.79	10.949
1047.03	8.276
1047.27	17.832
1047.51	37.037
1047.75	41.139
1048.00	31.561
1048.24	35.588
1048.48	44.444
1048.72	38.000
1048.96	30.357
1049.20	19.922
1049.44	36.129
1049.68	29.771
1049.92	28.137
1050.16	38.206
1050.41	47.385
1050.65	47.368
1050.89	27.372
1051.13	29.496
1051.37	30.421
1051.61	32.616
1051.85	36.889
1052.09	41.581
1052.33	32.394
1052.57	33.829
1052.81	16.450
1053.06	33.333
1053.30	51.600
1053.54	53.478
1053.78	37.815
1054.02	32.411
1054.26	24.793
1054.50	33.636
1054.74	38.610
1054.98	12.832
1055.22	7.583
1055.46	28.926
1055.70	24.229
1055.94	33.818
1056.19	35.897
1056.43	41.667
1056.67	33.333
1056.91	27.404
1057.15	45.370
1057.39	50.213
1057.63	36.154
1057.87	16.818
1058.11	32.212
1058.35	29.586
1058.59	36.702
1058.83	36.704
1059.07	29.688
1059.31	22.749
1059.55	28.994
1059.79	34.722
1060.04	27.219
1060.28	46.512
1060.52	42.081
1060.76	39.906
1061.00	35.747
1061.24	16.667
1061.48	23.684
1061.72	36.275
1061.96	16.915
1062.20	16.580
1062.44	42.289
1062.68	45.402
1062.92	30.000
1063.16	33.333
1063.40	32.381
1063.64	28.902
1063.88	44.286
1064.12	45.570
1064.36	20.349
1064.60	37.079
1064.84	73.656
1065.08	51.136
1065.32	40.571
1065.57	40.000
1065.81	41.718
1066.05	52.941
1066.29	31.034
1066.53	45.355
1066.77	64.088
1067.01	42.541
1067.25	43.976
1067.49	45.000
1067.73	76.440
1067.97	60.000
1068.21	38.971
1068.45	48.092
1068.69	20.183
1068.93	58.197
1069.17	47.712
1069.41	49.398
1069.65	42.408
1069.89	23.423
1070.13	-35.714
1070.37	23.770
1070.61	51.220
1070.85	55.051
1071.09	14.793
1071.33	30.159
1071.57	36.449
1071.81	47.200
1072.05	29.000
1072.29	55.556
1072.53	48.603
1072.77	41.463
1073.01	34.615
1073.25	56.129
1073.49	65.537
1073.73	79.699
1073.97	34.615
1074.21	39.850
1074.45	50.714
1074.69	70.161
1074.93	75.397
1075.17	57.447
1075.41	54.545
1075.65	56.604
1075.89	60.952
1076.13	61.765
1076.37	20.548
1076.61	22.973
1076.85	52.713
1077.09	52.174
1077.33	57.471
1077.57	54.054
1077.81	57.143
1078.05	51.786
1078.29	67.227
1078.53	51.667
1078.77	75.000
1079.01	77.778
1079.24	59.000
1079.48	62.121
1079.72	65.854
1079.96	60.417
1080.20	75.000
1080.44	58.095
1080.68	85.897
1080.92	73.611
1081.16	19.355
1081.40	55.714
1081.64	43.299
1081.88	17.910
1082.12	74.359
1082.36	72.727
1082.60	53.901
1082.84	30.337
1083.08	67.619
1083.32	78.947
1083.56	61.017
1083.80	60.440
1084.04	100.000
1084.28	51.948
1084.52	38.542
1084.75	34.545
1084.99	-37.500
1085.23	60.606
1085.47	12.676
1085.71	97.500
1085.95	143.137
1086.19	63.158
1086.43	79.817
1086.67	17.347
1086.91	48.529
1087.15	95.652
1087.39	53.763
1087.63	111.268
1087.87	110.345
1088.11	75.000
1088.35	420.000
1088.58	165.000
1088.82	94.286
1089.06	116.071
1089.30	73.810
1089.54	24.138
1089.78	84.694
1090.02	109.434
1090.26	80.645
1090.50	64.103
1090.74	92.308
1090.98	59.574
1091.22	-15.789
1091.46	87.500
1091.69	138.298
1091.93	46.000
1092.17	68.571
1092.41	54.167
1092.65	82.192
1092.89	61.765
1093.13	46.875
1093.37	75.000
1093.61	72.549
1093.85	48.333
1094.09	60.000
1094.32	102.273
1094.56	113.636
1094.80	70.000
1095.04	1633.333
1095.28	123.333
1095.52	130.000
1095.76	121.622
1096.00	-46.875
1096.24	-15.385
1096.47	0.000
1096.71	55.556
1096.95	23.333
1097.19	450.000
1097.43	26.471
1097.67	30.769
1097.91	142.187
1098.15	0.000
1098.39	218.182
1098.62	182.609
1098.86	74.074
1099.10	253.333
1099.34	222.222
1099.58	192.593
1099.82	108.333
1100.06	104.762
1100.30	-15.385
1100.53	90.000
1100.77	63.333
1101.01	200.000
1101.25	68.254
1101.49	161.538
1101.73	-200.000
1101.97	75.000
1102.21	300.000
1102.44	103.922
1102.68	-80.000
1102.92	97.222
1103.16	70.149
1103.40	122.222
1103.64	46.667
1103.88	-60.000
1104.11	210.000
1104.35	488.889
1104.59	900.000
1104.83	40.476
1105.07	100.000
1105.31	155.000
1105.55	70.370
1105.78	44.304
1106.02	158.333
1106.26	-53.846
1106.50	62.500
1106.74	271.429
1106.98	-146.154
1107.22	-37.500
1107.45	310.000
1107.69	124.000
1107.93	122.807
1108.17	116.667
1108.41	94.595
1108.65	65.385
1108.88	163.158
1109.12	3300.000
1109.36	925.000
1109.60	-192.308
1109.84	1025.000
1110.08	188.636
1110.31	137.838
1110.55	222.222
1110.79	78.723
1111.03	163.043
1111.27	331.250
1111.51	537.500
1111.74	-450.000
1111.98	136.364
1112.22	0.000
1112.46	-1000.000
1112.70	128.571
1112.93	127.273
1113.17	60.000
1113.41	30.108
1113.65	48.276
1113.89	213.636
1114.13	1450.000
1114.36	141.176
1114.60	625.000
1114.84	31.250
1115.08	12.281
1115.32	6.383
1115.55	36.842
1115.79	-533.333
1116.03	11.290
1116.27	6.897
1116.51	50.000
1116.74	-93.103
1116.98	165.789
1117.22	-183.333
1117.46	-240.000
1117.70	-21.429
1117.93	-466.667
1118.17	95.833
1118.41	63.077
1118.65	142.857
1118.89	-87.500
1119.12	-0.000
1119.36	333.333
1119.60	105.556
1119.84	28.571
1120.07	130.769
1120.31	416.667
1120.55	-2700.000
1120.79	0.000
1121.03	-60.000
1121.26	3000.000
1121.50	600.000
1121.74	-278.571
1121.98	-312.500
1122.21	2600.000
1122.45	33.333
1122.69	92.593
1122.93	150.000
1123.17	125.926
1123.40	-400.000
1123.64	336.364
1123.88	-228.571
1124.12	170.370
1124.35	38.333
1124.59	-400.000
1124.83	88.372
1125.07	9.434
1125.30	-292.308
1125.54	54.762
1125.78	-162.500
1126.02	200.000
