1100.0	82.13
1099.0	82.13
1098.0	82.13
1097.0	82.13
1096.0	82.25
1095.0	82.30
1094.0	82.30
1093.0	82.30
1092.0	82.25
1091.0	82.30
1090.0	82.37
1089.0	82.42
1088.0	82.47
1087.0	82.47
1086.0	82.47
1085.0	82.47
1084.0	82.47
1083.0	82.59
1082.0	82.64
1081.0	82.64
1080.0	82.59
1079.0	82.64
1078.0	82.64
1077.0	82.69
1076.0	82.69
1075.0	82.76
1074.0	82.76
1073.0	82.81
1072.0	82.86
1071.0	82.86
1070.0	82.81
1069.0	82.91
1068.0	82.98
1067.0	82.98
1066.0	82.98
1065.0	83.03
1064.0	83.03
1063.0	83.08
1062.0	83.20
1061.0	83.20
1060.0	83.20
1059.0	83.20
1058.0	83.20
1057.0	83.25
1056.0	83.30
1055.0	83.30
1054.0	83.37
1053.0	83.37
1052.0	83.37
1051.0	83.47
1050.0	83.47
1049.0	83.47
1048.0	83.47
1047.0	83.52
1046.0	83.59
1045.0	83.64
1044.0	83.64
1043.0	83.64
1042.0	83.69
1041.0	83.76
1040.0	83.76
1039.0	83.81
1038.0	83.81
1037.0	83.86
1036.0	83.91
1035.0	83.91
1034.0	83.98
1033.0	84.03
1032.0	84.08
1031.0	84.16
1030.0	84.16
1029.0	84.20
1028.0	84.20
1027.0	84.33
1026.0	84.33
1025.0	84.38
1024.0	84.38
1023.0	84.38
1022.0	84.50
1021.0	84.50
1020.0	84.50
1019.0	84.62
1018.0	84.62
1017.0	84.62
1016.0	84.67
1015.0	84.74
1014.0	84.74
1013.0	84.79
1012.0	84.91
1011.0	84.91
1010.0	84.91
1009.0	84.96
1008.0	84.91
1007.0	84.96
1006.0	85.08
1005.0	85.08
1004.0	85.13
1003.0	85.21
1002.0	85.21
1001.0	85.25
1000.0	85.30
999.0	85.38
998.0	85.42
997.0	85.42
996.0	85.42
995.0	85.50
994.0	85.55
993.0	85.55
992.0	85.60
991.0	85.72
990.0	85.72
989.0	85.77
988.0	85.84
987.0	85.89
986.0	85.89
985.0	85.96
984.0	86.01
983.0	86.01
982.0	86.01
981.0	86.13
980.0	86.18
979.0	86.18
978.0	86.23
977.0	86.30
976.0	86.30
975.0	86.30
974.0	86.35
973.0	86.43
972.0	86.43
971.0	86.47
970.0	86.52
969.0	86.60
968.0	86.65
967.0	86.72
966.0	86.77
965.0	86.82
964.0	86.82
963.0	86.89
962.0	86.89
961.0	86.94
960.0	86.94
959.0	87.06
958.0	87.11
957.0	87.18
956.0	87.18
955.0	87.23
954.0	87.28
953.0	87.28
952.0	87.35
951.0	87.40
950.0	87.40
949.0	87.48
948.0	87.52
947.0	87.57
946.0	87.65
945.0	87.70
944.0	87.70
943.0	87.70
942.0	87.74
941.0	87.82
940.0	87.87
939.0	87.94
938.0	87.99
937.0	87.99
936.0	87.99
935.0	88.11
934.0	88.18
933.0	88.23
932.0	88.18
931.0	88.31
930.0	88.31
929.0	88.31
928.0	88.43
927.0	88.48
926.0	88.55
925.0	88.60
924.0	88.67
923.0	88.67
922.0	88.67
921.0	88.72
920.0	88.72
919.0	88.84
918.0	88.92
917.0	88.92
916.0	88.92
915.0	89.04
914.0	89.09
913.0	89.09
912.0	89.21
911.0	89.21
910.0	89.28
909.0	89.28
908.0	89.33
907.0	89.45
906.0	89.45
905.0	89.50
904.0	89.50
903.0	89.58
902.0	89.58
901.0	89.70
900.0	89.70
899.0	89.82
898.0	89.82
897.0	89.82
896.0	89.94
895.0	89.99
894.0	90.06
893.0	90.06
892.0	90.11
891.0	90.11
890.0	90.19
889.0	90.31
888.0	90.31
887.0	90.36
886.0	90.36
885.0	90.43
884.0	90.43
883.0	90.48
882.0	90.55
881.0	90.60
880.0	90.67
879.0	90.67
878.0	90.67
877.0	90.72
876.0	90.84
875.0	90.84
874.0	90.92
873.0	90.92
872.0	90.97
871.0	90.97
870.0	91.09
869.0	91.09
868.0	91.09
867.0	91.16
866.0	91.21
865.0	91.28
864.0	91.28
863.0	91.33
862.0	91.41
861.0	91.46
860.0	91.46
859.0	91.58
858.0	91.58
857.0	91.58
856.0	91.58
855.0	91.65
854.0	91.70
853.0	91.77
852.0	91.82
851.0	91.82
850.0	91.89
849.0	91.89
848.0	91.94
847.0	91.94
846.0	92.02
845.0	92.09
844.0	92.14
843.0	92.21
842.0	92.21
841.0	92.26
840.0	92.26
839.0	92.33
838.0	92.33
837.0	92.33
836.0	92.46
835.0	92.46
834.0	92.53
833.0	92.53
832.0	92.53
831.0	92.58
830.0	92.65
829.0	92.65
828.0	92.72
827.0	92.77
826.0	92.77
825.0	92.85
824.0	92.85
823.0	92.85
822.0	92.85
821.0	92.90
820.0	92.90
819.0	93.04
818.0	93.04
817.0	93.09
816.0	93.04
815.0	93.09
814.0	93.09
813.0	93.16
812.0	93.16
811.0	93.16
810.0	93.21
809.0	93.21
808.0	93.29
807.0	93.29
806.0	93.29
805.0	93.36
804.0	93.36
803.0	93.36
802.0	93.41
801.0	93.41
800.0	93.48
799.0	93.48
798.0	93.48
797.0	93.48
796.0	93.48
795.0	93.48
794.0	93.53
793.0	93.60
792.0	93.53
791.0	93.53
790.0	93.53
789.0	93.53
788.0	93.60
787.0	93.60
786.0	93.60
785.0	93.60
784.0	93.60
783.0	93.68
782.0	93.68
781.0	93.68
780.0	93.68
779.0	93.60
778.0	93.73
777.0	93.68
776.0	93.73
775.0	93.73
774.0	93.73
773.0	93.73
772.0	93.68
771.0	93.73
770.0	93.73
769.0	93.73
768.0	93.73
767.0	93.73
766.0	93.73
765.0	93.68
764.0	93.68
763.0	93.68
762.0	93.68
761.0	93.68
760.0	93.60
759.0	93.60
758.0	93.60
757.0	93.53
756.0	93.53
755.0	93.53
754.0	93.60
753.0	93.53
752.0	93.48
751.0	93.53
750.0	93.53
749.0	93.53
748.0	93.48
747.0	93.48
746.0	93.48
745.0	93.48
744.0	93.48
743.0	93.41
742.0	93.36
741.0	93.36
740.0	93.29
739.0	93.29
738.0	93.29
737.0	93.29
736.0	93.21
735.0	93.21
734.0	93.16
733.0	93.16
732.0	93.16
731.0	93.16
730.0	93.09
729.0	93.04
728.0	92.97
727.0	92.97
726.0	92.90
725.0	92.85
724.0	92.85
723.0	92.77
722.0	92.77
721.0	92.72
720.0	92.65
719.0	92.58
718.0	92.58
717.0	92.53
716.0	92.53
715.0	92.53
714.0	92.41
713.0	92.33
712.0	92.26
711.0	92.21
710.0	92.21
709.0	92.09
708.0	92.09
707.0	92.02
706.0	91.94
705.0	91.94
704.0	91.89
703.0	91.82
702.0	91.70
701.0	91.65
700.0	91.58
699.0	91.58
698.0	91.53
697.0	91.41
696.0	91.33
695.0	91.28
694.0	91.21
693.0	91.21
692.0	91.16
691.0	91.04
690.0	90.97
689.0	90.84
688.0	90.80
687.0	90.72
686.0	90.67
685.0	90.67
684.0	90.55
683.0	90.43
682.0	90.36
681.0	90.31
680.0	90.19
679.0	90.11
678.0	90.06
677.0	89.94
676.0	89.87
675.0	89.82
674.0	89.70
673.0	89.70
672.0	89.50
671.0	89.45
670.0	89.40
669.0	89.28
668.0	89.21
667.0	89.09
666.0	89.04
665.0	88.92
664.0	88.84
663.0	88.79
662.0	88.67
661.0	88.55
660.0	88.48
659.0	88.31
658.0	88.31
657.0	88.18
656.0	87.99
655.0	87.99
654.0	87.87
653.0	87.74
652.0	87.65
651.0	87.52
650.0	87.48
649.0	87.40
648.0	87.18
647.0	87.18
646.0	87.06
645.0	86.94
644.0	86.89
643.0	86.72
642.0	86.60
641.0	86.52
640.0	86.43
639.0	86.30
638.0	86.18
637.0	86.06
636.0	85.96
635.0	85.84
634.0	85.72
633.0	85.67
632.0	85.50
631.0	85.42
630.0	85.25
629.0	85.13
628.0	85.08
627.0	84.96
626.0	84.84
625.0	84.74
624.0	84.62
623.0	84.45
622.0	84.38
621.0	84.25
620.0	84.16
619.0	84.03
618.0	83.91
617.0	83.76
616.0	83.69
615.0	83.59
614.0	83.47
613.0	83.37
612.0	83.25
611.0	83.15
610.0	82.98
609.0	82.91
608.0	82.81
607.0	82.64
606.0	82.52
605.0	82.42
604.0	82.30
603.0	82.25
602.0	82.13
601.0	81.86
600.0	81.81
599.0	81.64
598.0	81.59
597.0	81.47
596.0	81.37
595.0	81.25
594.0	81.13
593.0	81.03
592.0	80.91
591.0	80.74
590.0	80.69
589.0	80.59
588.0	80.47
587.0	80.37
586.0	80.25
585.0	80.15
584.0	80.05
583.0	79.93
582.0	79.83
581.0	79.74
580.0	79.66
579.0	79.47
578.0	79.47
577.0	79.35
576.0	79.20
575.0	79.13
574.0	79.03
573.0	78.93
572.0	78.88
571.0	78.71
570.0	78.61
569.0	78.49
568.0	78.44
567.0	78.39
566.0	78.30
565.0	78.13
564.0	78.08
563.0	77.95
562.0	77.86
561.0	77.81
560.0	77.69
559.0	77.59
558.0	77.59
557.0	77.49
556.0	77.37
555.0	77.32
554.0	77.27
553.0	77.17
552.0	77.05
551.0	77.00
550.0	76.95
549.0	76.90
548.0	76.86
547.0	76.76
546.0	76.66
545.0	76.61
544.0	76.61
543.0	76.54
542.0	76.49
541.0	76.39
540.0	76.34
539.0	76.34
538.0	76.29
537.0	76.20
536.0	76.15
535.0	76.10
534.0	76.10
533.0	76.10
532.0	76.03
531.0	75.98
530.0	75.93
529.0	75.98
528.0	75.88
527.0	75.83
526.0	75.83
525.0	75.83
524.0	75.83
523.0	75.78
522.0	75.78
521.0	75.78
520.0	75.78
519.0	75.78
518.0	75.73
517.0	75.78
516.0	75.83
515.0	75.83
514.0	75.83
513.0	75.83
512.0	75.83
511.0	75.83
510.0	75.83
509.0	75.83
508.0	75.88
507.0	75.93
506.0	75.93
505.0	75.98
504.0	75.98
503.0	76.03
502.0	76.10
501.0	76.15
500.0	76.20
499.0	76.25
498.0	76.29
497.0	76.34
496.0	76.39
495.0	76.49
494.0	76.61
493.0	76.61
492.0	76.71
491.0	76.76
490.0	76.86
489.0	76.90
488.0	77.05
487.0	77.05
486.0	77.22
485.0	77.32
484.0	77.37
483.0	77.54
482.0	77.59
481.0	77.76
480.0	77.86
479.0	78.03
478.0	78.13
477.0	78.30
476.0	78.39
475.0	78.54
474.0	78.66
473.0	78.88
472.0	78.98
471.0	79.20
470.0	79.30
469.0	79.47
468.0	79.57
467.0	79.74
466.0	79.93
465.0	80.10
464.0	80.25
463.0	80.47
462.0	80.64
461.0	80.86
460.0	81.08
459.0	81.25
458.0	81.42
457.0	81.64
456.0	81.86
455.0	82.08
454.0	82.25
453.0	82.47
452.0	82.69
451.0	82.91
450.0	83.15
449.0	83.42
448.0	83.59
447.0	83.76
446.0	84.03
445.0	84.25
444.0	84.50
443.0	84.74
442.0	85.01
441.0	85.21
440.0	85.42
439.0	85.72
438.0	85.96
437.0	86.23
436.0	86.43
435.0	86.65
434.0	86.94
433.0	87.18
432.0	87.48
431.0	87.70
430.0	87.94
429.0	88.18
428.0	88.43
427.0	88.67
426.0	88.92
425.0	89.16
424.0	89.33
423.0	89.50
422.0	89.82
421.0	89.99
420.0	90.19
419.0	90.43
418.0	90.60
417.0	90.72
416.0	90.97
415.0	91.21
414.0	91.33
413.0	91.53
412.0	91.70
411.0	91.89
410.0	91.94
409.0	92.14
408.0	92.26
407.0	92.33
406.0	92.53
405.0	92.58
404.0	92.58
403.0	92.72
402.0	92.77
401.0	92.85
400.0	92.85
399.0	92.90
398.0	92.85
397.0	92.85
396.0	92.85
395.0	92.85
394.0	92.72
393.0	92.72
392.0	92.65
391.0	92.53
390.0	92.46
389.0	92.26
388.0	92.14
387.0	91.94
386.0	91.82
385.0	91.58
384.0	91.41
383.0	91.28
382.0	90.97
381.0	90.67
380.0	90.60
379.0	90.55
378.0	90.19
377.0	89.94
376.0	89.62
375.0	89.40
374.0	88.96
373.0	88.67
372.0	88.31
371.0	87.87
370.0	87.52
369.0	87.18
368.0	86.82
367.0	86.30
366.0	85.84
365.0	85.67
364.0	85.13
363.0	84.79
362.0	84.45
361.0	83.91
360.0	83.47
359.0	83.08
358.0	82.69
357.0	82.20
356.0	81.98
355.0	81.59
354.0	81.03
353.0	80.64
352.0	80.37
351.0	79.93
350.0	79.66
349.0	79.30
348.0	78.98
347.0	78.66
346.0	78.39
324.0	73.24
323.0	73.29
322.0	73.34
321.0	73.34
320.0	73.51
319.0	73.66
318.0	73.66
317.0	73.85
316.0	74.10
315.0	74.29
314.0	74.56
313.0	74.80
312.0	75.22
311.0	75.46
310.0	75.93
309.0	76.34
308.0	76.76
307.0	77.17
306.0	77.69
305.0	78.13
304.0	78.54
303.0	79.20
302.0	79.79
301.0	80.37
300.0	80.98
299.0	81.52
298.0	82.20
297.0	82.91
296.0	83.59
295.0	84.08
294.0	84.79
293.0	85.42
292.0	86.06
291.0	86.65
290.0	87.18
289.0	87.74
288.0	88.23
287.0	88.55
286.0	89.04
285.0	89.28
284.0	89.58
283.0	89.75
282.0	89.94
281.0	89.70
280.0	89.82
279.0	89.62
278.0	89.45
277.0	88.92
276.0	88.31
275.0	87.70
274.0	87.28
273.0	86.47
272.0	85.60
271.0	84.62
270.0	83.59
269.0	82.64
268.0	81.74
267.0	80.52
266.0	79.25
265.0	78.08
264.0	77.00
263.0	75.88
262.0	74.80
261.0	73.66
260.0	72.51
259.0	71.44
258.0	70.61
257.0	69.78
256.0	69.02
255.0	68.31
254.0	67.53
253.0	67.09
252.0	66.63
251.0	66.33
250.0	66.19
249.0	66.19
248.0	66.19
247.0	66.36
246.0	66.60
245.0	67.04
244.0	67.72
243.0	68.41
242.0	69.36
241.0	70.48
240.0	71.53
239.0	72.80
238.0	74.10
237.0	75.46
236.0	76.86
235.0	78.22
234.0	79.25
233.0	80.10
232.0	80.47
231.0	80.59
230.0	80.05
229.0	78.93
228.0	77.27
227.0	75.22
226.0	72.66
225.0	69.78
224.0	66.28
223.0	62.57
222.0	59.25
221.0	55.96
220.0	52.98
219.0	50.15
218.0	47.27
217.0	44.70
216.0	42.68
215.0	40.84
214.0	39.14
213.0	37.48
212.0	35.67
211.0	33.67
210.0	31.84
209.0	29.69
208.0	27.49
207.0	25.15
206.0	22.61
205.0	20.00
204.0	17.82
203.0	15.94
202.0	14.28
201.0	12.92
200.0	11.67
199.0	10.74
198.0	10.21
197.0	9.79
196.0	9.69
195.0	9.84
194.0	10.40
193.0	11.13
192.0	12.50
191.0	14.06
190.0	16.02
