1100.0	82.81
1099.0	82.81
1098.0	82.81
1097.0	82.81
1096.0	82.69
1095.0	82.69
1094.0	82.64
1093.0	82.64
1092.0	82.64
1091.0	82.64
1090.0	82.64
1089.0	82.59
1088.0	82.52
1087.0	82.52
1086.0	82.47
1085.0	82.47
1084.0	82.42
1083.0	82.37
1082.0	82.37
1081.0	82.37
1080.0	82.30
1079.0	82.30
1078.0	82.25
1077.0	82.25
1076.0	82.13
1075.0	82.13
1074.0	82.13
1073.0	82.13
1072.0	82.03
1071.0	82.03
1070.0	82.03
1069.0	82.03
1068.0	81.98
1067.0	81.91
1066.0	81.91
1065.0	81.91
1064.0	81.91
1063.0	81.86
1062.0	81.81
1061.0	81.81
1060.0	81.74
1059.0	81.69
1058.0	81.69
1057.0	81.69
1056.0	81.64
1055.0	81.64
1054.0	81.59
1053.0	81.59
1052.0	81.59
1051.0	81.59
1050.0	81.59
1049.0	81.52
1048.0	81.47
1047.0	81.47
1046.0	81.42
1045.0	81.37
1044.0	81.37
1043.0	81.37
1042.0	81.30
1041.0	81.30
1040.0	81.30
1039.0	81.25
1038.0	81.25
1037.0	81.25
1036.0	81.20
1035.0	81.20
1034.0	81.20
1033.0	81.20
1032.0	81.20
1031.0	81.13
1030.0	81.13
1029.0	81.13
1028.0	81.08
1027.0	81.08
1026.0	81.03
1025.0	81.03
1024.0	81.03
1023.0	81.03
1022.0	80.98
1021.0	80.91
1020.0	80.98
1019.0	80.91
1018.0	80.91
1017.0	80.91
1016.0	80.86
1015.0	80.81
1014.0	80.81
1013.0	80.81
1012.0	80.81
1011.0	80.74
1010.0	80.74
1009.0	80.74
1008.0	80.74
1007.0	80.74
1006.0	80.74
1005.0	80.69
1004.0	80.69
1003.0	80.69
1002.0	80.69
1001.0	80.64
1000.0	80.64
999.0	80.64
998.0	80.59
997.0	80.59
996.0	80.59
995.0	80.59
994.0	80.59
993.0	80.52
992.0	80.47
991.0	80.47
990.0	80.47
989.0	80.47
988.0	80.42
987.0	80.42
986.0	80.37
985.0	80.37
984.0	80.32
983.0	80.37
982.0	80.37
981.0	80.32
980.0	80.25
979.0	80.32
978.0	80.25
977.0	80.20
976.0	80.20
975.0	80.20
974.0	80.20
973.0	80.20
972.0	80.20
971.0	80.20
970.0	80.20
969.0	80.15
968.0	80.15
967.0	80.05
966.0	80.05
965.0	79.98
964.0	80.05
963.0	79.98
962.0	79.98
961.0	79.98
960.0	79.98
959.0	79.93
958.0	79.93
957.0	79.93
956.0	79.93
955.0	79.93
954.0	79.88
953.0	79.88
952.0	79.83
951.0	79.83
950.0	79.83
949.0	79.79
948.0	79.79
947.0	79.74
946.0	79.66
945.0	79.66
944.0	79.66
943.0	79.61
942.0	79.61
941.0	79.66
940.0	79.61
939.0	79.66
938.0	79.66
937.0	79.66
936.0	79.61
935.0	79.66
934.0	79.66
933.0	79.66
932.0	79.61
931.0	79.61
930.0	79.57
929.0	79.57
928.0	79.57
927.0	79.52
926.0	79.57
925.0	79.52
924.0	79.52
923.0	79.52
922.0	79.52
921.0	79.47
920.0	79.52
919.0	79.47
918.0	79.47
917.0	79.47
916.0	79.47
915.0	79.47
914.0	79.47
913.0	79.47
912.0	79.47
911.0	79.39
910.0	79.39
909.0	79.35
908.0	79.39
907.0	79.35
906.0	79.35
905.0	79.35
904.0	79.30
903.0	79.25
902.0	79.25
901.0	79.25
900.0	79.25
899.0	79.20
898.0	79.20
897.0	79.20
896.0	79.20
895.0	79.20
894.0	79.20
893.0	79.13
892.0	79.20
891.0	79.13
890.0	79.13
889.0	79.20
888.0	79.13
887.0	79.13
886.0	79.08
885.0	79.13
884.0	79.08
883.0	79.03
882.0	79.03
881.0	79.08
880.0	79.03
879.0	79.03
878.0	78.98
877.0	78.98
876.0	78.98
875.0	78.98
874.0	78.93
873.0	78.93
872.0	78.93
871.0	78.93
870.0	78.93
869.0	78.93
868.0	78.93
867.0	78.88
866.0	78.88
865.0	78.88
864.0	78.88
863.0	78.88
862.0	78.88
861.0	78.81
860.0	78.81
859.0	78.81
858.0	78.81
857.0	78.81
856.0	78.81
855.0	78.81
854.0	78.81
853.0	78.76
852.0	78.76
851.0	78.71
850.0	78.76
849.0	78.76
848.0	78.76
847.0	78.71
846.0	78.76
845.0	78.71
844.0	78.71
843.0	78.66
842.0	78.71
841.0	78.66
840.0	78.66
839.0	78.66
838.0	78.71
837.0	78.66
836.0	78.66
835.0	78.66
834.0	78.66
833.0	78.66
832.0	78.66
831.0	78.66
830.0	78.66
829.0	78.66
828.0	78.66
827.0	78.61
826.0	78.61
825.0	78.61
824.0	78.61
823.0	78.61
822.0	78.54
821.0	78.54
820.0	78.61
819.0	78.61
818.0	78.61
817.0	78.54
816.0	78.54
815.0	78.54
814.0	78.54
813.0	78.54
812.0	78.49
811.0	78.54
810.0	78.49
809.0	78.49
808.0	78.49
807.0	78.44
806.0	78.44
805.0	78.49
804.0	78.44
803.0	78.49
802.0	78.49
801.0	78.49
800.0	78.44
799.0	78.39
798.0	78.44
797.0	78.39
796.0	78.39
795.0	78.39
794.0	78.39
793.0	78.39
792.0	78.39
791.0	78.39
790.0	78.39
789.0	78.39
788.0	78.39
787.0	78.34
786.0	78.39
785.0	78.34
784.0	78.34
783.0	78.39
782.0	78.34
781.0	78.34
780.0	78.34
779.0	78.34
778.0	78.34
777.0	78.30
776.0	78.30
775.0	78.30
774.0	78.30
773.0	78.30
772.0	78.22
771.0	78.22
770.0	78.22
769.0	78.17
768.0	78.17
767.0	78.13
766.0	78.13
765.0	78.13
764.0	78.13
763.0	78.13
762.0	78.13
761.0	78.08
760.0	78.03
759.0	77.95
758.0	77.95
757.0	77.95
756.0	78.03
755.0	77.95
754.0	77.95
753.0	77.95
752.0	77.91
751.0	77.95
750.0	77.91
749.0	77.95
748.0	77.91
747.0	77.91
746.0	77.86
745.0	77.91
744.0	77.91
743.0	77.91
742.0	77.91
741.0	77.91
740.0	77.86
739.0	77.86
738.0	77.86
737.0	77.86
736.0	77.86
735.0	77.91
734.0	77.86
733.0	77.81
732.0	77.81
731.0	77.86
730.0	77.86
729.0	77.81
728.0	77.86
727.0	77.81
726.0	77.76
725.0	77.81
724.0	77.76
723.0	77.76
722.0	77.76
721.0	77.76
720.0	77.69
719.0	77.69
718.0	77.69
717.0	77.76
716.0	77.76
715.0	77.69
714.0	77.69
713.0	77.64
712.0	77.69
711.0	77.64
710.0	77.64
709.0	77.69
708.0	77.64
707.0	77.59
706.0	77.64
705.0	77.59
704.0	77.59
703.0	77.59
702.0	77.59
701.0	77.59
700.0	77.59
699.0	77.59
698.0	77.59
697.0	77.59
696.0	77.59
695.0	77.59
694.0	77.59
693.0	77.54
692.0	77.54
691.0	77.49
690.0	77.54
689.0	77.49
688.0	77.49
687.0	77.49
686.0	77.54
685.0	77.49
684.0	77.49
683.0	77.49
682.0	77.44
681.0	77.49
680.0	77.44
679.0	77.37
678.0	77.44
677.0	77.37
676.0	77.37
675.0	77.37
674.0	77.37
673.0	77.37
672.0	77.32
671.0	77.32
670.0	77.32
669.0	77.32
668.0	77.32
667.0	77.32
666.0	77.32
665.0	77.32
664.0	77.32
663.0	77.32
662.0	77.32
661.0	77.32
660.0	77.32
659.0	77.27
658.0	77.32
657.0	77.32
656.0	77.32
655.0	77.32
654.0	77.32
653.0	77.32
652.0	77.32
651.0	77.32
650.0	77.27
649.0	77.32
648.0	77.32
647.0	77.32
646.0	77.27
645.0	77.32
644.0	77.27
643.0	77.27
642.0	77.27
641.0	77.27
640.0	77.27
639.0	77.27
638.0	77.27
637.0	77.27
636.0	77.27
635.0	77.32
634.0	77.27
633.0	77.27
632.0	77.22
631.0	77.27
630.0	77.27
629.0	77.27
628.0	77.27
627.0	77.27
626.0	77.27
625.0	77.32
624.0	77.32
623.0	77.32
622.0	77.27
621.0	77.27
620.0	77.32
619.0	77.32
618.0	77.27
617.0	77.32
616.0	77.32
615.0	77.32
614.0	77.27
613.0	77.32
612.0	77.32
611.0	77.32
610.0	77.32
609.0	77.32
608.0	77.32
607.0	77.32
606.0	77.32
605.0	77.32
604.0	77.32
603.0	77.32
602.0	77.37
601.0	77.32
600.0	77.32
599.0	77.32
598.0	77.32
597.0	77.32
596.0	77.32
595.0	77.32
594.0	77.32
593.0	77.32
592.0	77.32
591.0	77.37
590.0	77.44
589.0	77.44
588.0	77.37
587.0	77.44
586.0	77.49
585.0	77.54
584.0	77.54
583.0	77.49
582.0	77.54
581.0	77.59
580.0	77.59
579.0	77.59
578.0	77.59
577.0	77.59
576.0	77.59
575.0	77.64
574.0	77.69
573.0	77.69
572.0	77.69
571.0	77.69
570.0	77.76
569.0	77.81
568.0	77.81
567.0	77.81
566.0	77.86
565.0	77.86
564.0	77.86
563.0	77.86
562.0	77.95
561.0	77.95
560.0	77.95
559.0	78.03
558.0	78.08
557.0	78.08
556.0	78.13
555.0	78.13
554.0	78.13
553.0	78.13
552.0	78.17
551.0	78.22
550.0	78.22
549.0	78.30
548.0	78.34
547.0	78.39
546.0	78.39
545.0	78.39
544.0	78.39
543.0	78.44
542.0	78.49
541.0	78.54
540.0	78.54
539.0	78.66
538.0	78.66
537.0	78.66
536.0	78.71
535.0	78.71
534.0	78.81
533.0	78.88
532.0	78.93
531.0	78.93
530.0	78.93
529.0	78.93
528.0	79.03
527.0	79.08
526.0	79.13
525.0	79.20
524.0	79.20
523.0	79.20
522.0	79.25
521.0	79.30
520.0	79.35
519.0	79.39
518.0	79.47
517.0	79.47
516.0	79.52
515.0	79.57
514.0	79.61
513.0	79.66
512.0	79.74
511.0	79.79
510.0	79.83
509.0	79.88
508.0	79.88
507.0	79.93
506.0	79.93
505.0	79.98
504.0	80.10
503.0	80.15
502.0	80.20
501.0	80.20
500.0	80.32
499.0	80.42
498.0	80.47
497.0	80.47
496.0	80.52
495.0	80.64
494.0	80.69
493.0	80.74
492.0	80.74
491.0	80.81
490.0	80.86
489.0	80.98
488.0	81.03
487.0	81.08
486.0	81.20
485.0	81.25
484.0	81.30
483.0	81.30
482.0	81.42
481.0	81.52
480.0	81.59
479.0	81.64
478.0	81.69
477.0	81.81
476.0	81.86
475.0	81.91
474.0	82.03
473.0	82.13
472.0	82.13
471.0	82.30
470.0	82.37
469.0	82.37
468.0	82.47
467.0	82.59
466.0	82.64
465.0	82.69
464.0	82.81
463.0	82.91
462.0	82.91
461.0	83.03
460.0	83.08
459.0	83.20
458.0	83.25
457.0	83.37
456.0	83.47
455.0	83.52
454.0	83.69
453.0	83.76
452.0	83.81
451.0	83.86
450.0	83.98
449.0	84.03
448.0	84.16
447.0	84.33
446.0	84.33
445.0	84.38
444.0	84.55
443.0	84.67
442.0	84.67
441.0	84.79
440.0	84.91
439.0	84.96
438.0	85.13
437.0	85.13
436.0	85.30
435.0	85.42
434.0	85.50
433.0	85.60
432.0	85.72
431.0	85.77
430.0	85.89
429.0	86.01
428.0	86.06
427.0	86.23
426.0	86.30
425.0	86.43
424.0	86.52
423.0	86.60
422.0	86.72
421.0	86.82
420.0	86.89
419.0	87.06
418.0	87.18
417.0	87.23
416.0	87.35
415.0	87.48
414.0	87.57
413.0	87.70
412.0	87.74
411.0	87.87
410.0	87.99
409.0	88.06
408.0	88.23
407.0	88.31
406.0	88.35
405.0	88.48
404.0	88.60
403.0	88.72
402.0	88.92
401.0	88.92
400.0	89.09
399.0	89.21
398.0	89.21
397.0	89.33
396.0	89.50
395.0	89.58
394.0	89.70
393.0	89.75
392.0	89.82
391.0	89.94
390.0	90.06
389.0	90.11
388.0	90.19
387.0	90.31
386.0	90.31
385.0	90.48
384.0	90.55
383.0	90.67
382.0	90.72
381.0	90.84
380.0	90.97
379.0	91.04
378.0	91.04
377.0	91.09
376.0	91.21
375.0	91.16
374.0	91.28
373.0	91.46
372.0	91.46
371.0	91.53
370.0	91.58
369.0	91.53
368.0	91.58
367.0	91.65
366.0	91.82
365.0	91.70
364.0	91.70
363.0	91.89
362.0	91.82
361.0	91.89
360.0	91.89
359.0	92.02
358.0	91.89
357.0	91.89
356.0	91.89
355.0	91.89
354.0	92.02
353.0	91.89
352.0	91.89
351.0	91.89
350.0	91.89
349.0	91.82
348.0	91.89
347.0	91.82
346.0	91.65
345.0	91.41
344.0	91.46
343.0	91.46
342.0	91.28
341.0	91.41
340.0	91.28
339.0	91.04
338.0	90.84
337.0	90.97
336.0	90.80
335.0	90.84
334.0	90.72
333.0	90.31
332.0	89.82
331.0	90.31
330.0	89.82
329.0	90.19
328.0	90.11
327.0	90.06
326.0	89.82
325.0	89.21
324.0	89.09
323.0	88.92
322.0	88.84
321.0	88.43
320.0	88.31
319.0	88.11
318.0	87.82
317.0	87.65
316.0	87.28
315.0	87.11
314.0	86.89
313.0	86.60
312.0	86.23
311.0	86.01
310.0	85.60
309.0	85.42
308.0	85.01
307.0	84.74
306.0	84.33
305.0	84.08
304.0	83.76
303.0	83.47
302.0	83.03
301.0	82.86
300.0	82.37
299.0	82.03
298.0	81.64
297.0	81.37
296.0	81.03
295.0	80.59
294.0	80.15
293.0	79.83
292.0	79.35
291.0	79.08
290.0	78.71
289.0	78.30
288.0	77.86
287.0	77.59
286.0	77.10
285.0	76.86
284.0	76.44
283.0	75.93
282.0	75.59
281.0	75.17
280.0	74.80
279.0	74.46
278.0	73.95
277.0	73.66
276.0	73.29
275.0	72.95
274.0	72.51
273.0	72.27
272.0	71.83
271.0	71.44
270.0	71.00
269.0	70.85
268.0	70.43
267.0	70.19
266.0	69.87
265.0	69.53
264.0	69.21
263.0	69.07
262.0	68.70
261.0	68.51
260.0	68.24
259.0	67.99
258.0	67.85
257.0	67.68
256.0	67.46
255.0	67.36
254.0	67.21
253.0	67.09
252.0	67.04
251.0	67.09
250.0	66.89
249.0	66.94
248.0	66.94
247.0	66.99
246.0	67.04
245.0	67.16
244.0	67.26
243.0	67.46
242.0	67.68
241.0	67.90
240.0	68.09
239.0	68.41
238.0	68.75
237.0	69.12
236.0	69.58
235.0	70.04
234.0	70.48
233.0	71.04
232.0	71.63
231.0	72.17
230.0	72.85
229.0	73.56
228.0	74.19
227.0	74.85
226.0	75.54
225.0	76.25
224.0	76.76
223.0	77.44
222.0	77.91
221.0	78.30
220.0	78.44
219.0	78.66
218.0	78.44
217.0	78.13
216.0	77.32
215.0	76.34
214.0	75.07
213.0	73.46
212.0	71.24
211.0	68.97
210.0	66.36
209.0	63.21
208.0	60.25
207.0	57.18
206.0	53.47
205.0	50.17
204.0	46.95
203.0	43.73
202.0	40.65
201.0	37.35
200.0	34.25
199.0	31.71
198.0	29.30
197.0	26.93
196.0	24.93
195.0	23.00
194.0	21.22
193.0	19.87
192.0	18.82
191.0	18.12
190.0	17.75