1100	81.3
1099	81.25
1098	81.3
1097	81.25
1096	81.25
1095	81.3
1094	81.25
1093	81.2
1092	81.13
1091	81.13
1090	81.13
1089	81.08
1088	81.08
1087	81.13
1086	81.08
1085	81.03
1084	81.03
1083	81.03
1082	81.03
1081	81.03
1080	80.98
1079	80.91
1078	80.91
1077	80.91
1076	80.91
1075	80.98
1074	80.98
1073	80.86
1072	80.81
1071	80.81
1070	80.74
1069	80.74
1068	80.74
1067	80.74
1066	80.74
1065	80.74
1064	80.74
1063	80.64
1062	80.64
1061	80.64
1060	80.64
1059	80.59
1058	80.64
1057	80.59
1056	80.52
1055	80.59
1054	80.52
1053	80.47
1052	80.52
1051	80.47
1050	80.47
1049	80.42
1048	80.42
1047	80.42
1046	80.42
1045	80.42
1044	80.37
1043	80.37
1042	80.37
1041	80.32
1040	80.32
1039	80.32
1038	80.32
1037	80.25
1036	80.25
1035	80.2
1034	80.25
1033	80.25
1032	80.25
1031	80.2
1030	80.2
1029	80.2
1028	80.2
1027	80.2
1026	80.15
1025	80.15
1024	80.15
1023	80.1
1022	80.05
1021	80.05
1020	80.05
1019	79.98
1018	80.05
1017	79.98
1016	79.93
1015	79.93
1014	79.98
1013	79.93
1012	79.93
1011	79.93
1010	79.93
1009	79.93
1008	79.93
1007	79.93
1006	79.88
1005	79.88
1004	79.79
1003	79.79
1002	79.83
1001	79.79
1000	79.79
999	79.74
998	79.79
997	79.74
996	79.66
995	79.66
994	79.61
993	79.66
992	79.61
991	79.61
990	79.61
989	79.57
988	79.57
987	79.61
986	79.61
985	79.61
984	79.57
983	79.57
982	79.47
981	79.52
980	79.52
979	79.47
978	79.47
977	79.47
976	79.47
975	79.47
974	79.39
973	79.35
972	79.35
971	79.35
970	79.3
969	79.35
968	79.35
967	79.3
966	79.3
965	79.25
964	79.3
963	79.2
962	79.25
961	79.2
960	79.2
959	79.13
958	79.2
957	79.2
956	79.13
955	79.08
954	79.03
953	79.03
952	78.98
951	78.98
950	78.98
949	78.93
948	78.93
947	78.93
946	78.93
945	78.81
944	78.81
943	78.81
942	78.81
941	78.81
940	78.81
939	78.76
938	78.76
937	78.88
936	78.81
935	78.81
934	78.81
933	78.88
932	78.88
931	78.81
930	78.81
929	78.81
928	78.81
927	78.76
926	78.76
925	78.71
924	78.71
923	78.71
922	78.71
921	78.71
920	78.71
919	78.66
918	78.71
917	78.66
916	78.66
915	78.66
914	78.66
913	78.61
912	78.61
911	78.61
910	78.54
909	78.49
908	78.54
907	78.54
906	78.54
905	78.49
904	78.49
903	78.44
902	78.44
901	78.44
900	78.44
899	78.44
898	78.44
897	78.39
896	78.39
895	78.39
894	78.39
893	78.39
892	78.39
891	78.39
890	78.34
889	78.34
888	78.34
887	78.3
886	78.3
885	78.22
884	78.3
883	78.22
882	78.22
881	78.17
880	78.17
879	78.17
878	78.17
877	78.13
876	78.13
875	78.13
874	78.13
873	78.13
872	78.08
871	78.13
870	78.08
869	78.13
868	78.13
867	78.08
866	78.08
865	78.08
864	78.03
863	78.08
862	78.03
861	78.03
860	78.03
859	77.95
858	77.95
857	77.95
856	77.95
855	77.91
854	77.91
853	77.91
852	77.91
851	77.91
850	77.86
849	77.86
848	77.86
847	77.86
846	77.86
845	77.86
844	77.86
843	77.81
842	77.81
841	77.81
840	77.81
839	77.81
838	77.69
837	77.76
836	77.69
835	77.76
834	77.69
833	77.69
832	77.64
831	77.64
830	77.69
829	77.64
828	77.64
827	77.64
826	77.59
825	77.59
824	77.59
823	77.59
822	77.59
821	77.59
820	77.59
819	77.59
818	77.54
817	77.54
816	77.54
815	77.49
814	77.54
813	77.54
812	77.54
811	77.54
810	77.54
809	77.54
808	77.44
807	77.49
806	77.44
805	77.44
804	77.44
803	77.44
802	77.37
801	77.44
800	77.37
799	77.44
798	77.37
797	77.37
796	77.37
795	77.37
794	77.37
793	77.37
792	77.37
791	77.32
790	77.32
789	77.32
788	77.32
787	77.32
786	77.32
785	77.27
784	77.22
783	77.27
782	77.27
781	77.27
780	77.27
779	77.27
778	77.27
777	77.22
776	77.22
775	77.22
774	77.22
773	77.17
772	77.1
771	77.1
770	77.17
769	77.22
768	77.22
767	77.1
766	77.17
765	77.1
764	77.1
763	77.1
762	77.1
761	77.1
760	77.05
759	77.05
758	77.05
757	77.05
756	77.05
755	77
754	77.05
753	77.05
752	77.05
751	77.05
750	77.05
749	77.05
748	77.05
747	77
746	77.05
745	77.05
744	77.05
743	77.05
742	77
741	76.9
740	77
739	77
738	76.95
737	76.95
736	76.95
735	76.95
734	76.95
733	77
732	77
731	77
730	76.95
729	76.95
728	76.95
727	76.95
726	77
725	76.95
724	77
723	76.9
722	76.9
721	76.95
720	76.95
719	76.9
718	76.9
717	76.95
716	77
715	77
714	77
713	76.95
712	76.9
711	76.95
710	76.95
709	76.95
708	76.95
707	76.95
706	76.9
705	76.95
704	77
703	77
702	76.95
701	76.95
700	76.95
699	76.9
698	76.9
697	76.95
696	77
695	76.95
694	77
693	77
692	77
691	77.05
690	77
689	77
688	77
687	77
686	77
685	77.05
684	77
683	77.05
682	77.05
681	77
680	77.05
679	77
678	77.05
677	77
676	77
675	77.05
674	77.05
673	77.05
672	77.05
671	77.05
670	77.05
669	77.05
668	77.05
667	77.05
666	77.05
665	77.05
664	77.1
663	77.1
662	77.1
661	77.1
660	77.1
659	77.17
658	77.17
657	77.17
656	77.1
655	77.17
654	77.22
653	77.17
652	77.22
651	77.27
650	77.27
649	77.27
648	77.27
647	77.27
646	77.32
645	77.27
644	77.32
643	77.32
642	77.32
641	77.32
640	77.32
639	77.37
638	77.37
637	77.37
636	77.37
635	77.44
634	77.44
633	77.44
632	77.49
631	77.49
630	77.54
629	77.59
628	77.54
627	77.54
626	77.59
625	77.59
624	77.59
623	77.59
622	77.64
621	77.64
620	77.69
619	77.76
618	77.76
617	77.76
616	77.76
615	77.76
614	77.81
613	77.86
612	77.86
611	77.86
610	77.86
609	77.86
608	77.91
607	77.91
606	77.95
605	77.95
604	78.08
603	78.08
602	78.13
601	78.13
600	78.13
599	78.17
598	78.17
597	78.22
596	78.3
595	78.3
594	78.3
593	78.34
592	78.39
591	78.39
590	78.39
589	78.39
588	78.44
587	78.49
586	78.54
585	78.54
584	78.66
583	78.66
582	78.66
581	78.66
580	78.71
579	78.76
578	78.81
577	78.81
576	78.93
575	78.93
574	78.93
573	78.98
572	79.03
571	79.08
570	79.13
569	79.13
568	79.2
567	79.2
566	79.25
565	79.3
564	79.3
563	79.35
562	79.47
561	79.47
560	79.52
559	79.57
558	79.61
557	79.61
556	79.66
555	79.66
554	79.74
553	79.79
552	79.88
551	79.93
550	79.93
549	79.93
548	79.98
547	80.05
546	80.15
545	80.15
544	80.2
543	80.25
542	80.32
541	80.37
540	80.42
539	80.47
538	80.52
537	80.64
536	80.64
535	80.74
534	80.74
533	80.74
532	80.86
531	80.91
530	80.98
529	81.03
528	81.03
527	81.2
526	81.2
525	81.3
524	81.3
523	81.37
522	81.42
521	81.52
520	81.59
519	81.64
518	81.69
517	81.74
516	81.81
515	81.91
514	81.98
513	82.08
512	82.13
511	82.25
510	82.3
509	82.3
508	82.37
507	82.47
506	82.52
505	82.64
504	82.64
503	82.76
502	82.81
501	82.91
500	82.98
499	83.08
498	83.15
497	83.2
496	83.3
495	83.37
494	83.47
493	83.52
492	83.59
491	83.64
490	83.76
489	83.81
488	83.91
487	84.03
486	84.08
485	84.2
484	84.25
483	84.33
482	84.45
481	84.55
480	84.62
479	84.62
478	84.74
477	84.84
476	84.91
475	85.01
474	85.13
473	85.21
472	85.3
471	85.42
470	85.42
469	85.55
468	85.67
467	85.72
466	85.84
465	86.01
464	86.01
463	86.13
462	86.23
461	86.3
460	86.43
459	86.52
458	86.6
457	86.65
456	86.82
455	86.89
454	86.99
453	87.11
452	87.23
451	87.28
450	87.48
449	87.48
448	87.57
447	87.7
446	87.74
445	87.87
444	87.99
443	88.06
442	88.11
441	88.31
440	88.35
439	88.48
438	88.6
437	88.67
436	88.79
435	88.92
434	88.96
433	89.09
432	89.16
431	89.21
430	89.33
429	89.45
428	89.5
427	89.58
426	89.62
425	89.82
424	89.87
423	89.94
422	89.99
421	90.19
420	90.23
419	90.36
418	90.43
417	90.48
416	90.67
415	90.67
414	90.72
413	90.84
412	90.92
411	90.97
410	91.09
409	91.16
408	91.28
407	91.28
406	91.33
405	91.41
404	91.53
403	91.58
402	91.7
401	91.7
400	91.7
399	91.82
398	91.89
397	91.89
396	91.94
395	92.09
394	92.14
393	92.09
392	92.14
391	92.14
390	92.21
389	92.33
388	92.26
387	92.33
386	92.26
385	92.41
384	92.46
383	92.46
382	92.41
381	92.41
380	92.77
379	92.77
378	92.77
377	92.85
376	92.72
375	92.65
374	92.58
373	92.58
372	92.65
371	92.53
370	92.46
369	92.53
368	92.41
367	92.41
366	92.33
365	92.26
364	92.21
363	92.21
362	92.14
361	92.09
360	91.89
359	91.94
358	91.77
357	91.65
356	91.58
355	91.46
354	91.41
353	91.21
352	91.04
351	90.92
350	90.8
349	90.72
348	90.8
347	90.55
324	85.08
323	84.91
322	84.55
321	84.16
320	83.98
319	83.59
318	83.2
317	83.03
316	82.69
315	82.37
314	82.03
313	81.59
312	81.3
311	81.03
310	80.74
309	80.42
308	79.98
307	79.61
306	79.35
305	79.13
304	78.76
303	78.44
302	78.08
301	77.81
300	77.37
299	77.1
298	76.76
297	76.54
296	76.1
295	75.78
294	75.46
293	75.22
292	74.85
291	74.71
290	74.29
289	74
288	73.71
287	73.51
286	73.19
285	73
284	72.66
283	72.36
282	72.12
281	71.92
280	71.68
279	71.53
278	71.29
277	71.09
276	70.95
275	70.8
274	70.61
273	70.53
272	70.29
271	70.04
270	70.02
269	69.92
268	69.78
267	69.82
266	69.78
265	69.58
264	69.58
263	69.58
262	69.58
261	69.78
260	69.82
259	69.92
258	70.02
257	70.04
256	70.24
255	70.53
254	70.7
253	70.95
252	71.19
251	71.44
250	71.88
249	72.31
248	72.71
247	73.1
246	73.51
245	74.05
244	74.56
243	75.17
242	75.83
241	76.44
240	77.05
239	77.76
238	78.39
237	79.2
236	79.93
235	80.64
234	81.3
233	81.98
232	82.59
231	83.3
230	83.86
229	84.38
228	84.67
227	84.91
226	85.08
225	84.96
224	84.74
223	84.16
222	83.47
221	82.64
220	81.42
219	79.79
218	77.81
217	75.83
216	73.75
215	71.44
214	68.92
213	66.09
212	63.04
211	60.38
210	57.69
209	55
208	52.51
207	49.78
206	47.05
205	44.85
204	42.72
203	40.67
202	38.55
201	36.43
200	34.33
199	32.54
198	30.69
197	28.83
196	27
195	25.27
194	23.61
193	22.36
192	21.44
191	21.19
190	21.26